============================ JStylo Analysis Output ============================
Started analysis on 2013-04-02, 16:10:52
Running 10-folds cross validation on training corpus

Training corpus:
> b (17 documents)
> c (18 documents)
> e (16 documents)
> j (15 documents)
> k (19 documents)
> o (15 documents)
> pp (22 documents)
> rr (14 documents)
> s (14 documents)
> x (13 documents)

Feature set: Conjunctionss only:
> Conjunctions

Classifiers used:
> weka.classifiers.functions.SMO                    	-C 1.0 -L 0.001 -P 1.0E-12 -N 0 -V -1 -W 1 -K weka.classifiers.functions.supportVector.PolyKernel -C 250007 -E 1.0 

================================================================================

2013-04-02, 16:10:52 Extracting features from training corpus (using sparse representation)...
2013-04-02, 16:10:57 done!

Training corpus features (ARFF):
================================
@relation JStylo

@attribute 'Conjunctions-1{or}' numeric
@attribute 'Conjunctions-2{as}' numeric
@attribute 'Conjunctions-3{although}' numeric
@attribute 'Conjunctions-4{and}' numeric
@attribute 'Conjunctions-5{so}' numeric
@attribute 'Conjunctions-6{where}' numeric
@attribute 'Conjunctions-7{before}' numeric
@attribute 'Conjunctions-8{while}' numeric
@attribute 'Conjunctions-9{nor}' numeric
@attribute 'Conjunctions-10{yet}' numeric
@attribute 'Conjunctions-11{that}' numeric
@attribute 'Conjunctions-12{since}' numeric
@attribute 'Conjunctions-13{once}' numeric
@attribute 'Conjunctions-14{after}' numeric
@attribute 'Conjunctions-15{but}' numeric
@attribute 'Conjunctions-16{if}' numeric
@attribute 'Conjunctions-17{until}' numeric
@attribute 'Conjunctions-18{than}' numeric
@attribute 'Conjunctions-19{whether}' numeric
@attribute 'Conjunctions-20{because}' numeric
@attribute 'Conjunctions-21{though}' numeric
@attribute 'Conjunctions-22{when}' numeric
@attribute 'Conjunctions-23{how}' numeric
@attribute 'Conjunctions-24{for}' numeric
@attribute authorName {b,c,e,j,k,o,pp,rr,s,x}

@data
{0 2,1 8,2 1,3 18,5 1,10 8,12 1,22 1,23 1}
{0 5,1 3,3 10,4 1,5 1,10 4,12 1,15 1,22 2,23 6}
{0 1,1 5,3 20,4 1,10 8,12 3,15 2,18 1,21 2,22 1}
{1 1,3 13,4 1,8 1,10 9,14 1,15 1,17 2,19 2,23 3}
{0 4,1 9,3 11,4 1,10 10,11 1,12 1,13 1,15 2,17 1,18 1,19 1,21 1,22 1}
{0 3,1 3,3 10,9 1,10 6,11 1,12 1,15 4,17 1,18 1,19 1,21 4,22 1,23 3}
{0 4,1 3,2 1,3 7,5 1,10 13,14 2,15 1,17 1,18 1,21 1,23 2}
{0 6,1 4,3 8,5 1,10 8,14 1,15 1,19 2,22 2,23 4}
{0 9,3 11,5 1,8 1,10 13,11 1,13 1,15 1,18 2,21 1,22 1,23 2}
{0 4,1 6,3 8,5 1,10 14,14 2,15 2,18 1,21 2,22 1,23 1}
{0 1,1 4,3 15,5 1,7 1,8 1,10 10,11 2,12 1,13 1,14 1,15 2,19 2,23 5}
{0 3,1 5,3 20,5 1,10 9,11 2,14 2,15 2,21 2,22 2,23 2}
{0 6,1 6,3 16,5 1,10 13,11 2,12 2,14 1,16 1,19 1,22 5,23 1}
{0 5,1 10,3 15,5 1,10 16,12 1,13 4,14 1,15 3,19 1,23 4}
{0 8,1 1,3 17,4 2,5 3,10 17,11 1,15 2,21 1,23 2}
{0 1,1 7,3 12,8 1,10 12,11 2,13 1,15 3,17 1,20 2,21 1,22 2,23 5}
{0 1,1 5,3 14,4 1,10 8,15 1,19 1,21 1,22 1,23 10}
{0 10,1 4,3 22,7 3,10 7,15 2,23 5,24 c}
{0 1,1 2,2 1,3 23,10 4,15 1,22 1,23 3,24 c}
{0 8,1 2,3 8,9 1,10 13,15 2,19 1,21 1,23 3,24 c}
{0 2,1 7,3 14,7 1,10 11,13 1,14 1,19 1,21 1,23 2,24 c}
{0 5,1 9,2 1,3 12,7 1,10 15,14 2,15 1,16 1,17 1,23 6,24 c}
{1 7,3 16,7 2,10 11,17 2,19 1,22 1,23 6,24 c}
{1 7,3 20,7 1,10 8,17 3,19 1,23 4,24 c}
{0 3,1 1,3 15,4 1,7 2,10 9,19 1,23 10,24 c}
{0 1,1 3,3 5,7 3,10 12,14 2,15 1,18 1,21 1,22 1,23 6,24 c}
{1 4,2 1,3 19,7 1,10 16,14 1,19 1,21 1,22 1,23 6,24 c}
{0 2,1 6,3 14,10 5,14 2,15 1,17 2,19 3,21 3,23 4,24 c}
{0 4,1 10,3 15,6 2,7 1,10 11,14 5,17 3,19 1,22 2,23 5,24 c}
{0 3,1 7,3 16,4 1,7 1,9 1,10 6,12 2,13 1,14 1,15 2,23 9,24 c}
{0 4,1 8,3 19,10 7,11 1,12 1,13 2,19 1,21 1,22 1,23 9,24 c}
{0 10,1 10,3 14,5 2,7 2,10 7,14 1,15 2,19 1,22 1,23 10,24 c}
{0 4,1 3,3 19,5 1,10 7,11 1,12 2,13 1,14 4,15 2,22 1,23 8,24 c}
{0 5,1 10,3 18,4 3,6 1,7 3,10 6,12 1,13 3,14 2,15 2,16 1,23 4,24 c}
{0 5,1 8,3 26,5 1,7 2,9 1,10 6,13 3,14 1,15 2,17 3,19 2,23 11,24 c}
{1 5,3 27,5 1,6 1,7 1,10 2,14 1,15 1,16 1,23 1,24 e}
{1 7,3 17,6 1,7 2,10 4,13 4,16 2,19 1,21 2,23 3,24 e}
{1 5,3 21,10 4,11 1,13 2,14 3,16 1,17 1,23 1,24 e}
{1 4,3 13,9 1,10 5,13 3,14 1,16 1,17 1,21 2,22 1,23 2,24 e}
{1 2,3 16,7 1,10 8,17 1,21 2,22 1,23 5,24 e}
{0 1,1 3,3 8,10 4,14 2,19 1,22 5,23 9,24 e}
{0 4,1 8,3 11,10 3,15 1,16 1,23 6,24 e}
{1 7,3 22,10 4,13 1,14 2,15 2,16 2,23 5,24 e}
{0 2,1 9,3 7,6 1,7 2,10 3,17 1,20 1,23 5,24 e}
{0 1,1 5,2 1,3 12,7 1,10 9,13 3,14 2,17 2,23 4,24 e}
{0 1,1 9,3 14,7 2,10 6,13 2,14 2,16 1,17 1,21 1,22 2,23 1,24 e}
{1 7,3 13,10 5,14 3,17 2,20 1,22 3,23 1,24 e}
{1 7,3 10,5 1,6 1,7 3,10 3,11 1,14 3,17 1,20 1,23 2,24 e}
{1 5,3 10,4 1,7 1,9 1,10 5,14 2,16 1,17 1,20 3,21 1,22 1,23 4,24 e}
{1 2,3 10,5 1,7 3,10 3,12 1,14 2,17 1,21 1,23 5,24 e}
{1 11,3 13,5 1,7 2,9 2,10 1,14 1,15 1,21 1,22 1,23 2,24 e}
{0 5,1 6,3 10,10 9,14 1,15 1,17 3,18 4,20 2,22 1,23 3,24 j}
{0 2,1 3,2 1,3 9,4 1,10 11,12 3,14 1,17 1,18 2,23 5,24 j}
{0 3,1 8,3 9,10 4,14 3,19 1,23 6,24 j}
{0 3,1 5,3 20,10 4,14 1,19 1,23 8,24 j}
{0 2,1 2,3 15,4 4,5 2,6 1,10 9,12 1,13 1,14 6,15 2,19 3,21 1,23 3,24 j}
{0 6,1 1,3 27,4 2,10 8,14 1,17 1,19 1,22 2,23 2,24 j}
{0 4,1 2,3 7,10 9,14 2,15 3,16 1,17 6,18 1,19 3,21 1,23 4,24 j}
{0 3,1 3,3 8,4 1,5 1,7 1,10 11,11 1,12 1,14 3,15 1,17 2,19 7,23 7,24 j}
{1 2,3 5,7 4,10 8,14 1,15 3,17 3,19 3,23 9,24 j}
{0 5,1 2,2 1,3 7,10 7,15 5,17 1,19 2,23 1,24 j}
{0 4,1 3,3 9,4 1,5 3,7 1,10 7,14 4,15 7,17 2,18 2,21 1,23 1,24 j}
{0 5,1 1,3 4,10 9,14 1,15 3,17 1,19 1,20 1,21 2,23 1,24 j}
{0 3,1 2,3 17,5 2,7 1,10 12,14 1,15 2,21 1,23 1,24 j}
{0 2,1 6,3 10,6 1,7 1,10 2,14 4,15 1,17 1,19 2,20 1,21 1,22 1,23 4,24 j}
{0 3,2 1,3 14,4 2,7 3,10 5,14 5,17 2,19 1,21 3,22 1,23 4,24 j}
{0 3,1 6,3 12,10 5,13 1,14 3,15 3,17 2,23 6,24 k}
{0 4,1 6,3 13,4 3,5 1,6 2,10 3,12 1,14 3,15 1,17 1,19 1,21 2,23 3,24 k}
{0 3,1 3,3 15,4 1,5 1,10 6,14 3,15 1,18 2,19 1,21 1,22 1,23 2,24 k}
{0 3,1 3,3 13,5 2,10 2,14 3,15 5,18 1,20 1,21 3,23 5,24 k}
{3 15,4 9,5 1,6 2,7 1,10 7,14 2,19 1,20 1,21 2,23 1,24 k}
{0 3,1 1,3 13,4 2,5 3,10 5,12 2,14 1,15 2,17 1,19 4,21 2,22 1,23 2,24 k}
{0 2,1 2,3 9,4 1,6 1,7 1,10 5,12 1,14 3,15 2,16 1,17 1,19 1,20 1,21 2,22 1,23 4,24 k}
{0 3,1 2,3 12,4 3,10 7,11 1,13 2,14 2,15 2,16 1,17 1,19 2,21 1,23 5,24 k}
{0 2,1 5,3 5,5 1,6 1,7 1,10 4,12 1,14 4,15 3,19 2,20 2,21 2,22 1,23 4,24 k}
{0 6,1 1,3 5,5 1,14 5,15 3,16 1,17 2,20 1,22 1,23 2,24 k}
{0 4,1 6,3 8,10 10,14 6,15 2,18 1,19 2,21 5,23 3,24 k}
{0 5,1 6,3 17,10 4,14 3,15 1,17 3,20 1,21 3,23 5,24 k}
{0 1,1 3,3 13,5 1,10 5,11 1,14 3,17 1,19 2,20 1,21 2,23 5,24 k}
{0 1,1 3,3 14,4 1,7 1,10 7,14 4,15 3,17 1,19 1,21 2,23 5,24 k}
{0 6,1 4,3 12,6 1,7 2,10 11,12 1,14 4,15 2,17 3,19 3,23 1,24 k}
{1 2,3 11,4 1,10 10,12 1,13 1,14 5,15 2,19 1,21 1,22 1,23 4,24 k}
{0 2,1 3,3 9,4 1,6 2,10 8,14 6,17 1,19 4,20 1,21 2,23 1,24 k}
{0 1,1 4,3 10,4 2,5 1,10 8,11 1,13 1,15 2,19 1,20 1,21 3,22 1,23 1,24 k}
{0 3,1 2,3 15,10 9,13 1,14 2,15 1,19 1,21 1,22 1,23 2,24 k}
{0 2,1 5,3 24,4 2,7 1,9 2,10 5,13 1,14 3,15 1,17 1,20 1,21 1,22 2,23 6,24 o}
{0 5,1 5,3 15,4 1,10 4,13 1,14 2,15 1,17 2,19 1,21 1,22 1,23 4,24 o}
{0 3,1 4,3 12,7 2,10 5,12 1,17 1,19 3,23 3,24 o}
{0 8,1 8,3 16,4 1,5 2,7 1,8 1,10 6,17 1,19 1,23 2,24 o}
{0 3,3 21,5 3,6 1,9 1,10 9,11 1,13 1,14 2,15 1,21 1,22 6,23 3,24 o}
{0 3,1 1,3 22,4 3,5 1,8 1,10 6,15 1,17 1,23 9,24 o}
{0 2,1 5,2 2,3 16,10 6,17 1,19 3,23 4,24 o}
{0 3,1 6,2 1,3 15,5 1,6 1,7 2,9 1,10 4,13 1,15 1,17 1,23 3,24 o}
{0 11,1 8,2 1,3 14,6 1,7 1,10 5,13 1,14 2,15 1,16 1,23 6,24 o}
{0 10,1 3,2 1,3 13,5 1,7 2,10 3,13 1,15 2,17 2,21 1,23 1,24 o}
{0 6,1 6,3 17,4 1,10 10,12 1,14 1,17 2,19 2,21 2,23 7,24 o}
{0 7,1 4,3 15,5 4,7 2,9 2,10 7,15 2,22 5,23 3,24 o}
{0 7,1 2,3 19,4 2,5 1,7 1,10 4,14 2,15 1,17 1,22 6,23 1,24 o}
{0 8,1 7,3 16,7 4,8 1,10 4,14 4,17 1,23 6,24 o}
{0 6,1 9,2 1,3 13,4 3,9 1,10 8,14 1,15 6,22 4,23 2,24 o}
{0 2,1 5,2 1,3 10,4 1,5 2,10 5,12 2,17 1,21 3,22 2,23 7,24 pp}
{0 2,1 3,2 1,3 14,9 1,10 5,12 1,15 1,17 1,18 2,19 1,22 1,23 2,24 pp}
{0 7,1 2,3 11,10 5,20 1,21 1,22 1,23 7,24 pp}
{0 2,3 9,10 11,11 1,14 3,16 1,17 2,18 1,20 1,21 1,23 3,24 pp}
{0 6,1 1,3 9,5 1,7 1,10 7,14 1,15 7,16 1,17 1,21 1,22 2,23 4,24 pp}
{0 7,1 1,3 18,7 1,10 3,11 1,14 2,15 4,17 3,21 2,22 5,23 4,24 pp}
{0 3,1 2,3 14,7 2,10 8,13 1,14 1,17 3,19 4,21 2,22 3,23 1,24 pp}
{0 4,1 4,3 23,5 1,10 1,14 2,15 1,19 1,20 1,21 1,22 1,23 6,24 pp}
{0 3,1 5,3 25,4 1,5 2,6 2,10 1,16 2,17 1,21 1,23 4,24 pp}
{0 2,1 3,3 20,10 6,14 1,15 2,17 1,21 2,22 3,23 6,24 pp}
{0 4,3 10,5 1,9 1,10 13,11 1,13 1,14 1,15 1,19 1,20 2,21 1,23 1,24 pp}
{0 1,3 7,7 1,10 4,11 1,14 1,15 2,17 1,21 3,22 1,23 2,24 pp}
{0 4,1 3,3 8,10 8,14 2,15 5,17 1,18 1,22 2,23 1,24 pp}
{0 3,1 1,3 13,4 1,5 2,10 10,14 2,15 3,19 2,22 2,23 7,24 pp}
{1 4,3 20,6 1,7 1,10 5,14 2,23 2,24 pp}
{0 1,1 3,3 13,7 1,10 3,14 1,15 2,18 1,20 1,22 2,23 7,24 pp}
{0 4,1 5,3 12,4 1,6 1,10 4,14 1,15 3,22 1,23 2,24 pp}
{0 5,1 7,3 11,6 1,10 4,11 1,12 1,14 3,16 1,21 1,22 1,23 8,24 pp}
{0 1,1 3,3 10,4 1,10 6,11 1,15 1,17 1,21 1,22 1,23 6,24 pp}
{0 3,1 4,3 12,10 6,17 1,18 2,21 1,23 2,24 pp}
{0 6,1 1,3 17,4 1,10 4,14 1,15 1,18 2,21 1,22 1,23 5,24 pp}
{0 5,1 4,3 9,4 1,6 1,7 1,10 7,13 1,15 2,20 1,21 2,23 4,24 pp}
{0 1,1 1,3 18,5 2,7 1,10 1,12 1,13 2,15 1,21 1,22 4,23 8,24 rr}
{0 5,1 2,3 14,4 1,5 1,10 3,12 1,16 1,18 1,21 3,22 2,23 7,24 rr}
{3 21,10 9,14 2,17 1,19 2,21 1,23 4,24 rr}
{1 6,3 22,7 2,10 7,14 3,19 4,22 1,23 5,24 rr}
{0 1,1 1,3 18,4 1,9 1,10 10,14 2,19 6,21 4,23 7,24 rr}
{1 7,3 23,9 1,14 2,17 4,19 1,20 1,23 3,24 rr}
{1 1,3 16,10 5,14 1,19 2,23 8,24 rr}
{3 23,5 3,10 9,15 3,19 2,22 1,23 9,24 rr}
{0 2,3 16,4 2,10 6,14 3,15 2,17 1,19 2,20 1,21 2,23 6,24 rr}
{0 3,1 3,3 14,6 2,10 8,13 1,17 1,19 1,21 1,23 6,24 rr}
{0 1,1 4,3 19,4 1,5 2,10 4,14 1,15 1,19 3,20 1,21 3,23 3,24 rr}
{0 2,1 3,3 30,10 6,11 1,14 1,15 1,18 1,19 2,21 1,23 6,24 rr}
{0 1,1 2,3 17,5 1,10 8,19 1,23 4,24 rr}
{3 16,7 1,10 8,14 3,17 1,19 5,20 1,22 1,23 5,24 rr}
{1 2,3 7,7 2,10 17,14 1,15 1,19 3,21 1,23 7,24 s}
{0 3,1 10,3 7,4 1,10 15,11 2,14 7,15 2,17 1,19 1,20 1,23 9,24 s}
{0 1,1 2,3 8,4 3,7 1,10 15,14 3,15 1,16 1,17 1,19 1,21 1,23 3,24 s}
{0 3,1 4,3 6,4 2,10 14,11 2,14 6,15 5,17 2,23 7,24 s}
{0 2,1 6,3 5,4 1,10 16,14 6,15 3,17 1,19 1,23 5,24 s}
{0 3,1 4,3 6,4 1,10 14,11 2,14 5,15 3,17 1,23 4,24 s}
{0 2,1 5,3 17,4 3,9 1,10 14,14 1,17 1,18 1,19 2,23 4,24 s}
{0 3,1 3,3 4,7 2,10 7,14 3,15 1,16 2,17 1,19 1,20 1,21 1,22 1,23 5,24 s}
{0 2,1 3,3 5,4 3,10 14,13 1,15 3,19 3,21 1,22 2,23 7,24 s}
{0 1,1 6,3 6,4 2,6 1,7 1,10 15,14 4,15 1,17 2,18 1,19 3,21 2,22 1,23 4,24 s}
{0 1,1 10,3 13,6 1,7 1,10 15,14 2,22 1,23 5,24 s}
{0 1,1 3,3 13,4 1,7 1,10 16,14 2,15 1,19 2,23 3,24 s}
{1 5,3 11,4 1,7 1,10 12,14 6,17 4,18 1,21 1,23 3,24 s}
{1 3,2 1,3 15,8 1,10 8,13 2,14 2,15 1,17 4,18 1,19 1,22 1,23 3,24 s}
{0 4,1 2,3 26,4 1,5 1,10 2,14 1,17 2,23 6,24 x}
{0 3,1 5,2 1,3 18,5 1,10 6,15 1,17 1,19 1,23 7,24 x}
{0 1,1 1,3 17,10 8,14 4,19 1,20 1,23 4,24 x}
{0 6,1 3,2 2,3 18,9 1,10 5,14 4,17 1,19 1,22 1,24 x}
{0 2,1 5,3 18,10 3,14 1,21 1,23 1,24 x}
{0 4,1 7,3 20,5 1,10 2,11 1,13 1,14 1,15 1,19 1,23 7,24 x}
{0 1,1 4,3 23,4 1,6 1,7 1,10 4,14 2,17 1,18 2,21 1,22 2,23 7,24 x}
{0 1,1 2,3 20,7 2,10 5,14 1,17 1,18 1,19 2,23 2,24 x}
{1 6,3 16,4 1,5 1,7 2,9 2,10 1,13 1,23 1,24 x}
{0 4,1 5,3 21,4 1,9 2,10 5,14 4,21 1,22 1,23 4,24 x}

Calculating InfoGain on the training set's features
===================================================
Features InfoGain score (non-zero only):
----------------------------------------
> Conjunctions-11{that}      0.313860
> Conjunctions-4{and}        0.288317

Feature-type breakdown:
-----------------------
> Conjunctions   0.602176 (100.00%)

done!

2013-04-02, 16:10:57 Starting 10-folds cross-validation on training corpus phase...

================================================================================

Running analysis with classifier 1 out of 1:
> Classifier: weka.classifiers.functions.SMO
> Options:    -C 1.0 -L 0.001 -P 1.0E-12 -N 0 -V -1 -W 1 -K weka.classifiers.functions.supportVector.PolyKernel -C 250007 -E 1.0 

2013-04-02, 16:10:57 Starting cross validation...
2013-04-02, 16:11:06 done!

=== Summary ===

Correctly Classified Instances          73               45.625  %
Incorrectly Classified Instances        87               54.375  %
Kappa statistic                          0.3893
Mean absolute error                      0.1678
Root mean squared error                  0.2857
Relative absolute error                 93.5923 %
Root relative squared error             95.4412 %
Total Number of Instances              160     

=== Detailed Accuracy By Class ===

               TP Rate   FP Rate   Precision   Recall  F-Measure   ROC Area  Class
                 0.529     0.056      0.529     0.529     0.529      0.863    b
                 0.667     0.106      0.444     0.667     0.533      0.775    c
                 0.625     0.042      0.625     0.625     0.625      0.907    e
                 0.067     0.034      0.167     0.067     0.095      0.555    j
                 0.632     0.071      0.545     0.632     0.585      0.882    k
                 0.267     0.021      0.571     0.267     0.364      0.824    o
                 0.5       0.174      0.314     0.5       0.386      0.702    pp
                 0.429     0.034      0.545     0.429     0.48       0.806    rr
                 0.5       0.034      0.583     0.5       0.538      0.873    s
                 0.1       0.04       0.143     0.1       0.118      0.831    x
Weighted Avg.    0.456     0.068      0.454     0.456     0.441      0.799

=== Confusion Matrix ===

  a  b  c  d  e  f  g  h  i  j   <-- classified as
  9  2  0  1  0  0  4  0  1  0 |  a = b
  1 12  0  0  1  0  2  0  2  0 |  b = c
  0  1 10  1  0  0  3  0  0  1 |  c = e
  1  0  1  1  5  0  4  1  1  1 |  d = j
  2  1  0  1 12  0  3  0  0  0 |  e = k
  2  4  0  1  1  4  2  0  0  1 |  f = o
  1  1  3  1  1  0 11  2  1  1 |  g = pp
  0  1  0  0  2  0  3  6  0  2 |  h = rr
  1  4  1  0  0  1  0  0  7  0 |  i = s
  0  1  1  0  0  2  3  2  0  1 |  j = x

