============================ JStylo Analysis Output ============================
Started analysis on 2013-03-29, 13:18:19
Running 10-folds cross validation on training corpus

Training corpus:
> h (18 documents)
> mm (14 documents)
> pp (22 documents)
> u (15 documents)
> ww (15 documents)

Feature set: POS Bigrams:
> POS Bigrams

Classifiers used:
> weka.classifiers.functions.SMO                    	-C 1.0 -L 0.0010 -P 1.0E-12 -N 0 -V -1 -W 1 -K weka.classifiers.functions.supportVector.PolyKernel -C 250007 -E 1.0 

================================================================================

2013-03-29, 13:18:19 Extracting features from training corpus (using sparse representation)...
2013-03-29, 13:18:20 done!

Training corpus features (ARFF):
================================
@relation JStylo

@attribute 'POS-Bigrams-1{(NNP)-(NNP)}' numeric
@attribute 'POS-Bigrams-2{(VBZ)-(IN)}' numeric
@attribute 'POS-Bigrams-3{(IN)-(DT)}' numeric
@attribute 'POS-Bigrams-4{(CC)-(JJ)}' numeric
@attribute 'POS-Bigrams-5{(DT)-(JJ)}' numeric
@attribute 'POS-Bigrams-6{(NN)-(NNS)}' numeric
@attribute 'POS-Bigrams-7{(NNS)-(IN)}' numeric
@attribute 'POS-Bigrams-8{(,)-(DT)}' numeric
@attribute 'POS-Bigrams-9{(NN)-(.)}' numeric
@attribute 'POS-Bigrams-10{(JJ)-(TO)}' numeric
@attribute 'POS-Bigrams-11{(RB)-(,)}' numeric
@attribute 'POS-Bigrams-12{(NNS)-(,)}' numeric
@attribute 'POS-Bigrams-13{(NN)-(NN)}' numeric
@attribute 'POS-Bigrams-14{(NN)-(IN)}' numeric
@attribute 'POS-Bigrams-15{(IN)-(NNS)}' numeric
@attribute 'POS-Bigrams-16{(DT)-(NN)}' numeric
@attribute 'POS-Bigrams-17{(JJ)-(IN)}' numeric
@attribute 'POS-Bigrams-18{(CC)-(NN)}' numeric
@attribute 'POS-Bigrams-19{(RB)-(IN)}' numeric
@attribute 'POS-Bigrams-20{(JJ)-(NN)}' numeric
@attribute 'POS-Bigrams-21{(RB)-(JJ)}' numeric
@attribute 'POS-Bigrams-22{(PRP)-(VBP)}' numeric
@attribute 'POS-Bigrams-23{(JJ)-(NNS)}' numeric
@attribute 'POS-Bigrams-24{(VBN)-(IN)}' numeric
@attribute 'POS-Bigrams-25{(.)-(IN)}' numeric
@attribute 'POS-Bigrams-26{(RB)-(VB)}' numeric
@attribute 'POS-Bigrams-27{(IN)-(JJ)}' numeric
@attribute 'POS-Bigrams-28{(IN)-(VBG)}' numeric
@attribute 'POS-Bigrams-29{(PRP)-(VBZ)}' numeric
@attribute 'POS-Bigrams-30{(VBZ)-(RB)}' numeric
@attribute 'POS-Bigrams-31{(TO)-(VB)}' numeric
@attribute 'POS-Bigrams-32{(,)-(IN)}' numeric
@attribute 'POS-Bigrams-33{(NN)-(,)}' numeric
@attribute 'POS-Bigrams-34{(NNS)-(.)}' numeric
@attribute 'POS-Bigrams-35{(VBZ)-(DT)}' numeric
@attribute 'POS-Bigrams-36{(TO)-(DT)}' numeric
@attribute 'POS-Bigrams-37{(,)-(CC)}' numeric
@attribute 'POS-Bigrams-38{(NN)-(TO)}' numeric
@attribute 'POS-Bigrams-39{(NN)-(CC)}' numeric
@attribute 'POS-Bigrams-40{(IN)-(PRP)}' numeric
@attribute 'POS-Bigrams-41{(NNS)-(VBP)}' numeric
@attribute 'POS-Bigrams-42{(IN)-(PRP$)}' numeric
@attribute 'POS-Bigrams-43{(DT)-(NNS)}' numeric
@attribute 'POS-Bigrams-44{(PRP$)-(NN)}' numeric
@attribute 'POS-Bigrams-45{(.)-(DT)}' numeric
@attribute 'POS-Bigrams-46{(IN)-(NNP)}' numeric
@attribute 'POS-Bigrams-47{(NN)-(VBZ)}' numeric
@attribute 'POS-Bigrams-48{(MD)-(VB)}' numeric
@attribute 'POS-Bigrams-49{(VB)-(DT)}' numeric
@attribute 'POS-Bigrams-50{(IN)-(NN)}' numeric
@attribute authorName {h,mm,pp,u,ww}

@data
{0 2,1 4,2 20,3 5,4 7,5 9,6 11,7 4,8 10,9 2,10 1,11 8,12 10,13 29,14 10,15 27,16 7,17 5,18 4,19 15,20 6,22 18,23 5,24 7,25 3,26 12,27 6,28 2,29 3,30 6,31 3,32 4,33 7,34 2,35 4,36 1,37 6,38 4,40 2,42 6,43 2,44 6,45 1,46 8,47 2,48 4,49 18}
{1 1,2 26,3 3,4 11,5 11,6 11,7 4,8 10,9 3,10 2,11 5,12 14,13 32,14 8,15 31,16 3,17 4,18 5,19 17,20 2,21 1,22 12,23 4,24 9,25 1,26 10,27 8,28 1,29 2,30 6,31 5,32 15,33 8,34 1,35 2,36 3,37 2,38 3,39 1,40 8,42 6,43 1,44 3,45 3,46 6,47 8,48 5,49 13}
{2 15,3 2,4 16,5 12,6 6,7 1,8 13,9 7,10 3,11 9,12 4,13 20,14 7,15 15,16 2,17 4,18 2,19 20,20 6,21 1,22 8,23 5,24 8,25 6,26 11,27 2,28 2,29 5,30 7,31 9,32 13,33 4,34 6,35 5,36 2,37 2,38 4,39 2,40 4,44 1,45 1,46 7,47 6,48 2,49 18}
{1 4,2 24,3 2,4 12,5 10,6 9,7 2,8 7,9 3,10 1,11 6,12 4,13 22,14 5,15 19,16 4,17 4,18 8,19 22,20 4,22 13,23 7,24 6,25 2,26 11,27 5,28 2,29 2,30 5,31 2,32 12,33 4,35 3,36 5,37 2,38 3,39 1,40 2,41 1,42 4,43 1,44 8,45 2,46 6,47 7,48 3,49 20}
{1 1,2 28,3 1,4 13,5 6,6 13,7 5,8 8,9 6,10 4,11 8,12 13,13 17,14 7,15 35,16 2,18 2,19 17,20 5,21 2,22 13,23 4,24 8,25 3,26 5,27 1,29 2,30 10,31 2,32 9,33 4,34 3,35 6,36 3,37 5,38 2,40 3,42 10,44 7,46 8,47 13,48 6,49 10}
{1 1,2 15,4 14,5 10,6 7,7 2,8 7,9 4,10 3,11 8,12 19,13 18,14 10,15 20,16 4,17 2,19 22,20 2,22 8,23 7,24 5,25 2,26 11,27 2,28 2,30 18,31 4,32 15,33 1,34 2,35 1,36 5,37 3,38 4,39 2,40 3,42 4,44 4,45 1,46 4,47 15,48 5,49 12}
{1 1,2 15,3 2,4 11,5 8,6 11,7 2,8 10,9 5,10 1,11 5,12 15,13 25,14 8,15 26,16 3,17 3,18 4,19 9,20 5,21 3,22 11,23 8,24 6,25 5,26 7,27 5,28 3,29 1,30 13,31 4,32 7,33 3,34 6,35 1,36 1,37 2,38 4,39 2,40 4,41 1,42 5,43 1,44 5,45 2,46 5,47 11,48 7,49 22}
{1 1,2 13,3 5,4 18,5 6,6 7,7 6,8 11,9 2,10 4,11 5,12 16,13 20,14 4,15 17,16 6,17 3,18 1,19 26,20 3,22 16,23 9,24 10,25 4,26 13,27 5,28 3,29 3,30 8,31 3,32 14,33 4,34 3,35 4,36 4,37 4,38 3,40 4,41 2,42 2,43 3,44 2,45 3,46 6,47 8,48 4,49 19}
{0 8,1 2,2 24,3 4,4 16,5 9,6 10,7 5,8 9,9 2,11 6,12 9,13 20,14 6,15 17,16 3,17 5,18 2,19 23,20 5,22 7,23 7,24 6,25 1,26 8,27 1,29 3,30 11,31 5,32 8,33 5,34 1,35 4,36 3,37 10,38 7,40 5,42 2,44 4,45 2,46 1,47 3,48 6,49 11}
{0 4,1 2,2 16,3 4,4 11,5 13,6 11,7 5,8 5,9 2,10 2,11 8,12 9,13 33,14 6,15 17,16 6,17 8,18 2,19 21,20 2,22 15,23 3,24 1,25 1,26 14,27 2,29 2,30 5,31 1,32 17,33 13,34 1,35 3,36 5,37 3,38 8,40 4,42 5,44 6,45 3,46 9,47 4,48 2,49 17}
{0 2,2 20,3 1,4 7,5 9,6 19,7 5,8 7,9 6,10 1,11 11,12 12,13 25,14 11,15 23,16 3,17 10,18 1,19 14,20 8,21 1,22 20,23 2,24 12,25 2,26 11,27 2,29 1,30 7,31 3,32 13,33 9,34 3,35 4,36 6,37 7,38 11,39 1,40 4,42 9,43 1,44 4,45 4,46 6,47 6,48 2,49 20}
{0 2,1 2,2 18,3 1,4 8,5 7,6 7,7 4,8 10,9 5,10 2,11 7,12 16,13 23,14 6,15 27,16 2,17 2,18 6,19 12,20 2,22 8,23 7,24 11,25 3,26 4,28 1,29 1,30 7,31 5,32 14,33 3,34 4,35 4,36 3,37 4,38 2,39 1,40 3,41 2,42 3,44 4,45 18,46 5,47 4,48 3,49 16}
{0 14,1 4,2 25,3 2,4 11,5 10,6 13,7 3,8 6,9 2,10 3,11 7,12 12,13 26,14 11,15 18,17 4,18 3,19 15,22 9,23 6,24 9,25 6,26 5,27 2,28 1,29 5,30 10,31 4,32 10,33 7,34 1,35 4,36 1,37 9,38 5,40 6,41 3,42 8,43 3,44 3,45 2,46 5,47 3,48 4,49 19}
{0 10,1 4,2 24,3 2,4 7,5 12,6 13,7 4,8 9,9 3,10 1,11 6,12 8,13 22,14 6,15 27,16 6,17 3,18 2,19 10,20 5,21 3,22 6,23 3,24 2,25 5,26 4,28 1,29 2,30 13,31 5,32 6,33 4,34 3,35 2,36 4,37 6,38 3,39 1,40 7,41 5,42 4,43 4,44 6,45 9,46 9,47 7,48 4,49 13}
{0 4,1 1,2 25,3 1,4 14,5 3,6 9,7 2,8 8,9 6,10 2,11 9,12 6,13 23,14 10,15 24,16 7,18 2,19 18,20 6,21 2,22 15,23 11,24 4,25 4,26 11,27 1,28 1,29 2,30 13,31 2,32 8,33 7,34 4,35 4,36 4,37 3,38 3,39 4,40 6,41 1,42 5,43 3,44 3,45 2,46 9,47 6,48 2,49 8}
{0 9,1 2,2 17,3 1,4 14,5 11,6 14,8 12,9 5,10 2,11 5,12 17,13 21,14 7,15 15,16 3,17 4,18 1,19 28,20 4,21 1,22 7,23 10,24 5,25 4,26 7,27 5,28 4,29 2,30 10,31 2,32 12,33 1,34 2,35 3,36 6,37 6,38 3,39 1,40 4,41 3,42 4,43 3,44 4,45 5,46 3,47 2,48 3,49 13}
{0 2,1 1,2 25,3 5,4 8,5 17,6 11,7 4,8 10,9 4,10 6,11 5,12 6,13 12,14 1,15 24,16 1,17 7,18 4,19 13,20 1,21 3,22 14,23 5,24 7,25 1,26 9,27 3,30 11,31 2,32 6,33 8,34 1,35 4,36 2,37 10,38 5,39 1,40 2,41 1,42 12,43 2,44 6,45 1,46 2,47 2,48 3,49 14}
{1 3,2 31,3 2,4 13,5 9,6 13,7 6,8 8,9 3,10 4,11 7,12 9,13 19,14 4,15 19,16 5,17 2,18 3,19 19,20 2,22 14,23 7,24 10,25 7,26 15,27 7,29 4,30 11,31 4,32 7,33 8,34 1,35 1,36 3,37 4,38 4,40 2,42 11,44 4,45 8,46 8,47 6,48 4,49 9}
{0 3,1 1,2 17,3 3,4 11,6 4,7 3,8 9,9 6,10 3,11 4,12 5,13 19,14 5,15 25,16 4,17 8,18 3,19 17,20 3,21 14,22 3,23 3,24 4,25 6,26 1,27 2,28 5,29 4,30 8,31 7,32 19,33 2,34 6,35 3,36 8,37 3,38 10,39 6,40 2,41 1,42 3,44 4,45 4,46 8,47 4,48 3,49 18,50 mm}
{0 4,1 2,2 34,3 1,4 12,6 6,7 1,8 10,9 1,10 2,11 4,13 34,14 2,15 33,16 2,17 1,18 6,19 14,21 9,22 3,23 3,24 6,25 4,26 2,27 8,28 4,29 4,30 7,31 3,32 13,33 3,34 6,35 1,36 9,37 2,38 5,39 4,41 8,42 1,43 6,44 5,45 3,46 7,47 11,48 3,49 11,50 mm}
{0 1,1 3,2 18,3 5,4 12,5 2,6 4,7 3,8 12,9 5,10 5,11 4,12 1,13 20,14 1,15 28,16 4,17 8,18 2,19 14,20 9,21 8,22 4,23 2,24 4,25 1,26 5,27 6,28 4,29 6,30 13,31 3,32 13,33 3,34 6,35 3,36 8,37 6,38 11,39 7,40 3,41 8,42 5,43 8,44 8,45 5,46 4,47 3,48 6,49 6,50 mm}
{0 8,1 3,2 20,3 2,4 15,6 7,7 4,8 11,9 1,10 2,11 1,12 2,13 18,14 2,15 26,16 2,17 1,18 4,19 16,21 4,22 4,23 7,24 9,25 3,26 2,27 6,28 14,29 5,30 12,31 6,32 14,33 3,34 8,35 1,36 6,37 5,38 3,39 8,40 2,41 5,42 5,43 5,44 3,45 4,46 8,47 3,48 5,49 11,50 mm}
{0 3,1 2,2 20,3 2,4 9,6 4,8 10,9 1,10 2,11 5,13 18,14 2,15 24,16 3,17 5,18 3,19 5,20 1,21 5,22 3,23 4,24 4,25 2,26 3,27 4,28 7,29 3,30 9,31 5,32 12,33 2,34 3,35 1,36 16,37 4,38 4,39 6,41 4,42 4,43 4,44 3,45 5,46 1,47 4,48 4,49 10,50 mm}
{0 1,1 4,2 23,3 1,4 14,6 7,7 2,8 12,9 1,10 12,11 3,12 2,13 22,14 4,15 27,16 3,17 1,18 2,19 17,20 4,21 8,22 2,23 2,24 3,25 1,26 2,27 7,28 10,29 9,30 10,31 13,32 13,33 2,34 5,35 2,36 9,37 3,38 2,39 15,41 7,42 6,43 12,44 1,45 4,46 7,47 4,48 4,49 8,50 mm}
{0 2,1 8,2 22,3 3,4 12,6 4,7 1,8 10,9 3,10 2,11 4,12 3,13 34,14 6,15 40,16 3,17 4,18 5,19 13,20 5,21 8,22 5,24 5,25 1,26 3,27 6,28 10,29 3,30 8,31 5,32 12,33 2,34 7,35 1,36 10,37 2,38 3,39 11,40 1,41 5,42 3,43 3,44 2,45 4,46 11,47 7,48 9,49 14,50 mm}
{0 2,1 3,2 21,3 3,4 9,5 1,6 8,7 7,8 5,9 2,10 6,11 9,12 2,13 15,14 3,15 32,16 1,17 3,18 2,19 11,20 5,21 8,22 19,23 5,24 5,25 3,26 4,27 5,28 2,29 3,30 8,31 4,32 12,33 5,34 1,35 2,36 9,37 4,38 5,39 4,41 2,42 7,44 7,45 6,46 6,47 4,48 4,49 7,50 mm}
{0 1,1 2,2 24,3 4,4 12,5 3,6 8,7 4,8 4,9 2,10 3,11 8,13 18,14 7,15 19,17 2,18 5,19 17,21 7,22 6,23 4,24 4,25 2,26 6,27 4,28 4,29 4,30 21,31 5,32 7,33 7,34 5,35 1,36 5,37 9,38 5,39 4,40 2,41 5,42 14,43 5,44 3,45 5,46 4,47 10,48 9,49 7,50 mm}
{0 1,1 7,2 28,3 2,4 14,5 2,6 9,7 2,8 8,9 3,10 2,11 3,13 32,14 2,15 32,16 2,17 3,18 1,19 26,20 4,21 1,22 11,23 4,24 5,25 5,26 15,27 1,28 7,29 2,30 5,31 4,32 17,33 2,34 4,35 2,36 10,37 2,38 4,39 3,40 4,42 3,43 1,44 4,45 5,46 5,47 3,48 4,49 11,50 mm}
{0 5,1 5,2 26,3 6,4 21,5 1,6 5,7 4,8 11,9 2,10 2,11 4,12 3,13 27,14 1,15 21,16 3,17 2,18 5,19 29,20 7,21 3,22 11,23 2,24 5,25 4,26 8,27 1,28 2,29 4,30 3,31 4,32 11,33 5,34 8,35 2,36 8,37 1,38 2,39 4,40 2,41 3,42 6,43 4,44 6,45 10,46 8,47 5,48 3,49 6,50 mm}
{1 5,2 23,3 9,4 13,5 1,6 15,7 2,8 7,9 3,10 4,11 3,12 5,13 16,14 3,15 17,16 5,17 4,18 3,19 25,20 5,22 19,23 2,24 5,26 11,27 3,28 5,29 2,30 7,31 1,32 13,33 5,34 6,35 3,36 11,37 3,38 8,39 2,40 6,41 4,42 9,43 4,44 2,45 8,46 3,47 3,48 1,49 9,50 mm}
{0 4,1 4,2 20,3 4,4 23,6 6,7 3,8 10,9 3,10 5,11 6,13 18,14 2,15 21,18 4,19 24,20 6,21 2,22 14,23 2,24 5,25 3,26 5,27 2,28 7,29 3,30 12,31 4,32 15,33 4,34 7,35 6,36 7,37 7,38 2,39 1,40 1,41 4,42 3,43 7,44 3,45 8,46 9,47 2,48 4,49 10,50 mm}
{0 6,1 3,2 17,4 12,5 1,6 6,7 2,8 7,9 7,11 3,12 2,13 28,14 3,15 26,16 3,17 3,18 2,19 19,20 5,21 4,22 7,23 1,24 11,25 3,26 8,27 2,28 6,29 2,30 11,31 5,32 19,33 2,34 3,35 5,36 7,37 4,38 2,39 6,40 4,41 8,42 2,43 7,44 1,45 8,46 3,47 7,48 4,49 16,50 mm}
{1 4,2 28,3 3,4 18,5 3,6 11,7 4,8 10,9 3,10 6,11 6,12 8,13 20,14 2,15 28,16 2,18 3,19 24,20 1,21 3,22 12,23 11,24 8,25 1,26 5,27 3,29 2,30 4,31 2,32 24,33 4,34 2,35 6,36 9,37 3,39 2,40 3,41 3,42 8,43 4,44 3,46 17,47 8,48 2,49 21,50 pp}
{1 3,2 22,3 4,4 11,5 10,6 13,7 6,8 15,9 2,10 4,11 10,12 12,13 20,14 5,15 34,16 1,17 3,18 4,19 17,21 2,22 11,23 8,24 3,25 3,26 8,27 3,28 2,29 2,30 10,31 4,32 11,33 8,34 4,35 1,36 2,37 5,38 4,39 1,40 4,41 1,42 4,43 1,44 1,46 9,47 7,48 7,49 15,50 pp}
{0 6,1 4,2 21,3 4,4 8,5 8,6 11,7 3,8 15,9 1,10 1,11 10,12 10,13 21,14 5,15 34,17 2,19 25,20 3,22 8,23 9,24 2,25 1,26 13,27 1,28 2,29 4,30 8,31 3,32 28,33 8,34 6,35 2,36 9,37 3,38 3,40 5,42 5,43 1,44 6,45 3,46 9,47 3,48 6,49 14,50 pp}
{0 2,1 1,2 19,3 3,4 15,5 4,6 8,7 3,8 13,9 3,10 3,11 4,12 6,13 26,14 3,15 23,16 3,17 1,19 30,20 4,22 12,23 10,24 3,25 1,26 13,28 6,29 6,30 7,31 2,32 9,33 7,34 2,35 2,36 4,37 3,38 5,39 3,40 4,41 1,42 3,43 2,44 11,45 5,46 10,47 3,48 7,49 12,50 pp}
{0 3,1 1,2 12,3 2,4 10,5 4,6 8,7 5,8 9,9 1,10 7,11 11,12 10,13 18,14 5,15 20,16 4,17 5,18 6,19 12,20 5,21 2,22 18,23 1,24 7,25 2,26 7,27 2,28 4,29 1,30 11,31 2,32 10,33 13,34 3,36 4,37 2,38 3,39 7,40 5,41 2,42 6,43 1,44 3,45 6,46 3,47 9,48 7,49 13,50 pp}
{1 2,2 12,3 2,4 8,5 2,6 7,7 2,8 14,10 1,11 5,12 6,13 18,14 5,15 19,16 1,17 6,18 4,19 11,20 1,21 17,22 13,23 3,24 4,25 4,26 3,27 6,28 1,30 11,32 16,33 11,34 4,35 3,36 10,37 2,38 2,39 3,40 4,41 4,42 7,43 2,44 3,46 7,47 10,48 10,49 15,50 pp}
{0 4,1 4,2 9,3 3,4 13,5 1,6 5,7 4,8 17,9 1,10 2,11 3,12 9,13 25,14 2,15 17,17 4,18 3,19 26,20 1,21 5,22 12,23 7,24 1,26 10,27 6,28 3,29 1,30 11,31 3,32 11,33 5,34 10,35 1,36 3,37 4,38 4,39 2,40 8,41 3,42 8,43 3,44 10,45 1,46 15,47 4,48 3,49 14,50 pp}
{0 3,1 4,2 20,3 6,4 18,5 2,6 10,7 9,8 15,10 1,11 12,12 3,13 14,14 4,15 27,16 3,17 6,18 6,19 26,20 2,21 1,22 13,23 6,24 3,25 3,26 10,27 4,28 1,29 1,30 12,31 3,32 13,33 4,34 4,36 6,37 5,38 9,39 1,40 6,41 3,42 6,43 1,44 16,45 3,46 16,47 5,48 6,49 9,50 pp}
{0 5,2 20,3 8,4 7,5 7,6 11,7 5,8 13,9 3,10 4,11 7,12 2,13 13,14 7,15 17,16 2,17 6,18 9,19 21,21 3,22 12,23 12,24 2,25 1,26 6,27 6,29 1,30 15,31 2,32 16,33 10,34 2,35 2,36 5,37 4,38 8,40 8,41 2,42 7,43 3,44 8,45 1,46 7,47 3,48 2,49 12,50 pp}
{0 2,1 2,2 9,3 6,4 12,5 5,6 11,7 2,8 13,9 5,10 5,11 8,12 2,13 17,14 7,15 12,16 2,17 3,18 1,19 31,20 2,21 2,22 7,23 2,24 3,25 1,26 5,27 6,28 1,29 3,30 16,31 3,32 8,33 6,34 4,36 4,37 5,38 6,39 3,40 8,41 7,42 7,44 3,45 2,46 6,47 10,48 4,49 10,50 pp}
{0 3,1 4,2 22,3 2,4 6,6 11,7 3,8 20,9 1,10 3,11 5,12 7,13 25,14 14,15 27,16 3,17 2,18 1,19 10,20 4,21 7,22 10,23 6,24 7,25 1,26 2,27 4,28 6,29 3,30 3,31 1,32 5,33 6,34 5,35 1,36 5,37 1,38 5,39 13,40 12,42 6,43 2,44 7,45 3,46 8,47 5,48 2,49 16,50 pp}
{0 1,1 2,2 20,4 9,5 2,6 10,7 2,8 15,10 1,11 4,12 9,13 17,14 3,15 35,16 3,17 5,18 3,19 14,20 2,21 9,22 11,23 5,24 4,25 4,26 2,27 3,29 2,30 14,32 6,33 4,34 5,35 5,36 2,37 11,38 5,39 3,40 4,41 3,42 10,43 7,44 8,46 10,47 6,48 7,49 12,50 pp}
{0 2,1 1,2 10,3 2,4 7,5 13,6 7,7 1,8 13,9 2,11 9,12 25,13 17,14 1,15 19,16 4,17 2,18 2,19 16,20 3,21 11,22 9,24 6,25 6,26 4,27 4,28 7,29 3,30 12,32 4,33 10,34 3,35 2,36 7,37 3,38 3,39 10,40 4,41 5,42 3,43 6,44 5,45 2,46 7,47 8,48 8,49 13,50 pp}
{2 18,3 3,4 6,5 16,6 9,8 11,9 5,11 7,12 11,13 13,14 2,15 26,16 4,17 4,19 13,20 4,21 6,22 9,23 7,24 2,25 7,26 1,27 6,28 4,29 2,30 13,31 3,32 10,33 8,34 1,35 6,36 7,37 10,38 3,39 3,40 7,41 14,42 8,43 14,44 4,46 3,47 5,48 7,49 6,50 pp}
{0 14,2 18,3 6,4 10,5 10,6 6,7 2,8 12,9 1,10 3,11 10,12 13,13 13,14 4,15 18,16 5,17 4,18 1,19 10,20 2,21 4,22 13,23 2,24 1,25 2,26 4,27 5,29 1,30 9,31 5,32 14,33 5,34 3,35 2,36 7,37 2,38 6,39 3,40 3,41 1,42 6,43 2,44 4,45 5,46 3,47 4,48 9,49 4,50 pp}
{0 3,1 1,2 21,4 9,5 4,6 6,8 9,9 4,10 2,11 5,12 18,13 19,14 7,15 16,16 4,17 2,18 2,19 15,20 2,21 6,22 7,23 6,24 8,25 7,26 2,27 2,28 3,29 4,30 10,31 3,32 10,33 4,34 4,35 3,36 8,37 1,38 2,39 2,40 3,41 4,42 7,43 8,44 5,45 7,46 8,47 7,48 3,49 10,50 pp}
{0 11,2 10,3 3,4 6,5 11,6 9,7 2,8 10,9 1,10 1,11 5,12 15,13 19,14 5,15 17,16 2,17 1,18 2,19 13,21 9,22 2,24 4,25 2,26 2,27 4,28 1,29 1,30 15,31 1,32 7,33 3,34 1,35 3,36 3,37 8,38 6,39 5,40 4,41 7,42 4,43 15,44 6,45 3,46 4,47 15,48 9,49 6,50 pp}
{1 1,2 25,3 3,4 8,5 11,6 13,7 1,8 9,9 1,10 1,11 5,12 11,13 18,14 4,15 26,16 6,17 1,18 3,19 13,20 4,21 1,22 16,23 6,24 2,25 2,26 9,27 3,28 1,29 1,30 9,31 1,32 5,33 7,34 1,35 4,36 4,37 6,38 6,39 2,40 15,41 4,42 11,43 1,44 7,45 2,46 2,47 2,48 6,49 11,50 pp}
{0 13,1 1,2 19,3 3,4 8,5 6,6 5,7 5,8 5,9 4,10 2,11 4,12 12,13 16,14 3,15 20,16 1,17 4,19 15,20 2,21 1,22 10,23 7,24 3,25 8,26 5,27 3,28 1,29 4,30 16,31 3,32 5,33 7,34 1,35 4,36 2,37 10,38 6,39 1,40 6,41 4,42 5,43 4,44 8,45 2,46 7,47 3,48 7,49 9,50 pp}
{0 10,1 1,2 20,3 4,4 12,5 8,6 14,7 5,8 10,9 1,11 3,12 11,13 16,14 4,15 17,16 3,17 2,19 20,22 12,23 4,24 2,25 4,26 6,27 1,29 1,30 12,31 1,32 12,33 5,34 4,35 2,36 3,37 6,38 3,40 2,41 3,42 2,43 2,44 7,45 4,46 7,47 6,48 2,49 10,50 pp}
{0 4,1 5,2 10,3 7,4 9,5 8,6 10,7 3,8 17,9 2,10 2,11 8,12 48,13 20,14 4,15 18,16 2,17 6,18 1,19 21,20 2,21 4,22 10,23 1,24 2,25 2,26 2,27 2,30 8,32 12,33 3,34 3,35 1,36 6,37 5,38 5,39 2,40 4,41 9,42 2,43 11,44 5,45 1,46 8,47 5,48 2,49 12,50 pp}
{1 3,2 8,4 6,5 9,6 6,7 3,8 13,9 2,10 1,11 9,12 26,13 14,14 4,15 23,16 2,17 2,18 5,19 16,20 3,21 6,22 4,23 4,24 4,25 2,26 3,27 1,29 3,30 5,31 3,32 16,33 4,34 2,35 5,36 6,37 1,38 4,39 7,40 3,41 14,42 4,43 17,44 5,45 2,46 14,47 14,48 6,49 12,50 pp}
{0 9,1 1,2 34,3 1,4 12,6 15,7 3,8 8,10 3,11 7,12 2,13 34,14 5,15 24,16 5,17 5,18 4,19 18,20 3,21 3,22 14,23 13,24 2,25 3,26 9,27 2,28 2,29 3,30 12,31 4,32 10,33 2,34 3,35 1,36 3,37 2,38 6,39 3,40 5,41 10,42 9,43 4,44 5,45 5,46 5,47 1,48 3,49 9,50 u}
{0 1,2 31,3 4,4 15,5 4,6 8,7 2,8 15,10 1,11 1,12 2,13 32,14 1,15 33,16 3,17 3,18 5,19 23,20 2,21 4,22 6,23 9,24 5,25 6,26 6,27 1,28 7,29 2,30 8,31 4,32 13,33 3,34 8,35 2,36 4,37 5,38 4,39 6,40 3,41 4,42 8,43 5,44 2,46 7,47 6,48 5,49 19,50 u}
{0 6,1 1,2 29,3 1,4 17,5 2,6 9,7 4,8 7,9 1,10 2,11 4,12 3,13 25,14 5,15 26,16 4,17 2,18 1,19 17,20 1,21 2,22 4,23 5,24 6,26 8,27 1,28 6,29 3,30 11,31 5,32 11,33 2,34 7,35 2,36 1,37 3,38 8,39 2,41 1,42 7,43 3,44 1,45 5,46 3,47 2,48 2,49 9,50 u}
{0 9,1 2,2 32,4 18,5 2,6 12,7 5,8 6,10 3,11 8,12 8,13 23,14 6,15 19,16 2,17 1,18 5,19 17,20 4,21 2,22 10,23 7,24 3,25 3,26 5,28 1,29 3,30 9,31 2,32 10,33 2,34 4,35 2,36 1,37 3,39 2,40 9,41 3,42 10,44 3,45 3,46 4,47 1,48 2,49 11,50 u}
{0 5,1 1,2 22,3 3,4 14,5 6,6 15,7 4,8 16,10 2,11 7,12 3,13 16,14 1,15 17,16 5,17 1,18 5,19 25,20 3,22 18,23 6,24 5,25 1,26 14,27 2,28 3,29 5,30 9,31 3,32 11,33 2,34 2,35 4,36 4,37 8,38 3,40 4,41 4,42 9,43 2,44 3,45 6,46 6,47 2,48 3,49 13,50 u}
{0 1,1 2,2 28,3 1,4 8,5 1,6 11,7 1,8 7,9 2,10 6,11 3,12 6,13 18,14 1,15 27,16 5,17 1,18 3,19 16,20 6,21 3,22 6,23 7,24 4,25 1,26 6,27 7,28 5,29 2,30 9,31 4,32 9,33 5,34 1,35 5,36 6,37 3,38 4,39 2,40 2,41 5,42 9,43 2,44 4,46 7,47 7,48 2,49 13,50 u}
{0 6,1 2,2 21,4 7,6 7,7 2,8 14,9 6,10 5,11 4,12 2,13 28,14 7,15 28,16 2,17 4,18 6,19 8,20 6,21 1,22 9,23 3,24 1,26 5,28 4,29 2,30 13,31 7,32 11,34 3,35 2,36 3,37 4,38 4,39 6,40 2,41 6,42 5,43 8,44 6,45 6,46 3,47 7,48 2,49 16,50 u}
{0 2,1 6,2 24,3 1,4 12,6 11,7 3,8 12,9 2,10 4,11 1,12 4,13 28,14 5,15 31,16 3,17 1,18 4,19 13,20 2,21 1,22 12,23 4,24 3,25 2,26 10,27 1,28 6,29 1,30 10,31 4,32 13,33 3,34 2,35 3,36 1,37 5,38 6,39 6,40 1,41 9,42 7,43 11,44 9,45 7,46 10,47 3,48 4,49 12,50 u}
{0 4,2 23,3 1,4 12,5 1,6 7,7 4,8 9,9 3,10 4,11 3,12 7,13 33,14 4,15 30,16 3,17 3,18 4,19 16,21 1,22 7,23 7,24 4,25 3,26 10,27 1,28 5,29 3,30 13,31 2,32 11,33 4,34 2,35 5,36 4,37 8,38 7,39 2,40 2,41 5,42 10,43 12,44 1,45 3,46 4,47 1,48 7,49 16,50 u}
{0 7,1 3,2 24,3 2,4 19,5 3,6 8,7 5,8 9,10 1,11 3,12 1,13 31,14 6,15 38,16 6,17 4,18 3,19 18,20 3,22 7,23 4,24 2,25 3,26 8,27 1,28 3,29 4,30 6,31 4,32 15,33 6,34 3,35 4,36 2,37 3,38 5,39 3,40 1,41 4,42 3,43 3,44 12,45 5,46 3,47 2,48 5,49 15,50 u}
{0 5,1 1,2 27,3 1,4 21,5 5,6 9,7 8,8 8,9 2,10 2,11 3,12 3,13 27,14 5,15 36,16 4,17 2,18 3,19 22,20 4,22 10,23 4,24 5,25 5,26 6,27 2,28 1,29 1,30 7,32 8,33 7,34 5,35 3,36 3,37 3,38 3,39 1,40 1,41 5,42 8,43 3,44 3,45 1,47 4,48 5,49 9,50 u}
{0 1,2 29,4 12,5 8,6 15,7 7,8 6,9 3,10 1,11 7,12 4,13 21,14 5,15 27,16 1,17 2,18 3,19 11,20 2,22 13,23 3,24 8,25 6,26 3,27 3,30 7,31 1,32 5,33 6,35 5,37 6,38 3,39 1,40 1,41 5,42 12,43 4,44 4,45 1,47 6,48 4,49 12,50 u}
{0 2,1 1,2 30,3 1,4 18,5 3,6 9,7 5,8 6,9 2,10 2,11 5,12 3,13 27,14 4,15 24,16 4,17 1,18 2,19 20,20 3,22 15,23 4,24 3,25 3,26 5,27 1,28 1,29 1,30 13,31 2,32 8,33 4,35 4,36 3,37 2,38 2,39 2,40 2,41 5,42 9,43 6,44 5,45 1,46 1,47 7,48 3,49 9,50 u}
{1 1,2 35,3 2,4 16,5 3,6 10,8 11,9 4,10 2,11 4,12 7,13 34,14 9,15 27,16 3,17 4,18 7,19 19,20 1,21 1,22 13,23 1,24 6,25 4,26 8,27 3,28 1,30 14,31 2,32 12,33 8,34 1,35 2,36 1,37 2,38 6,39 2,41 3,42 7,43 5,44 6,47 3,48 3,49 8,50 u}
{1 2,2 23,3 5,4 9,5 7,6 15,7 2,8 9,9 1,10 1,11 5,12 13,13 17,14 4,15 23,16 8,17 6,18 6,19 15,20 2,21 1,22 14,23 8,24 6,25 1,26 11,27 7,28 2,29 1,30 6,31 1,32 6,33 4,34 1,35 2,36 3,37 2,38 8,39 4,41 3,42 7,43 7,44 2,45 2,46 2,47 1,48 2,49 10,50 u}
{0 2,1 5,2 28,3 1,4 17,5 1,6 6,7 3,8 13,10 3,11 2,13 19,14 2,15 27,16 1,17 1,18 3,19 22,20 3,21 3,22 5,23 6,24 7,25 4,26 6,27 3,28 3,29 1,30 5,31 2,32 19,33 1,34 2,35 1,36 7,37 5,38 2,39 7,40 3,41 9,42 10,43 9,44 3,45 1,46 9,47 4,48 8,49 7,50 ww}
{0 1,1 5,2 29,4 10,6 5,7 4,8 12,9 1,10 7,11 2,12 4,13 18,14 1,15 31,16 5,17 2,18 4,19 11,20 4,21 1,22 6,23 3,24 9,25 2,26 6,27 2,28 19,29 5,30 13,31 2,32 17,33 3,34 8,36 3,37 1,38 2,39 11,40 1,41 6,42 4,43 9,44 2,45 4,46 8,47 4,48 1,49 6,50 ww}
{1 9,2 25,3 1,4 12,5 1,6 6,7 3,8 9,9 1,10 5,11 1,12 1,13 20,14 1,15 32,16 3,17 2,18 6,19 15,20 3,21 2,22 4,23 7,24 4,25 1,26 4,28 16,29 8,30 9,31 3,32 15,33 1,34 6,36 4,37 2,38 1,39 16,40 1,41 11,42 2,43 9,44 6,45 2,46 10,47 1,48 2,49 9,50 ww}
{1 3,2 31,4 13,6 9,7 6,8 12,9 1,10 4,11 4,12 3,13 30,14 2,15 37,16 5,18 5,19 22,20 2,21 4,22 7,23 3,24 5,25 2,26 5,27 3,28 13,29 5,30 8,31 2,32 20,33 2,34 10,35 3,36 7,37 3,39 11,40 1,41 4,42 11,43 4,44 4,45 1,46 5,47 4,48 4,49 10,50 ww}
{0 14,1 5,2 21,3 1,4 15,5 1,6 5,7 5,8 8,9 1,10 6,11 7,12 8,13 17,14 1,15 15,16 3,17 2,18 5,19 15,20 2,21 3,22 20,23 2,24 3,25 1,26 7,27 2,28 4,29 2,30 9,31 9,32 15,33 8,34 9,35 1,36 7,37 3,38 3,39 3,40 8,41 3,42 9,44 7,45 10,46 2,47 5,48 2,49 8,50 ww}
{0 10,1 4,2 26,3 1,4 15,5 1,6 3,7 6,8 16,9 1,10 5,11 5,12 9,13 16,14 1,15 24,16 3,17 3,18 4,19 18,20 6,21 8,22 10,23 2,24 10,25 3,26 4,28 2,29 4,30 2,31 4,32 14,33 7,34 7,35 1,36 7,38 2,39 7,40 2,41 7,42 3,43 4,44 8,45 9,46 13,47 5,48 6,49 2,50 ww}
{0 7,1 1,2 22,3 3,4 25,5 1,6 10,7 6,8 13,9 3,10 6,11 5,12 8,13 15,14 3,15 24,16 2,17 1,18 3,19 26,20 7,21 2,22 14,23 3,24 7,25 1,26 5,28 5,29 3,30 5,31 6,32 11,33 5,34 7,35 4,36 5,37 5,38 2,39 4,40 11,41 2,42 10,43 3,44 11,45 12,46 12,48 3,49 7,50 ww}
{0 13,1 1,2 23,3 1,4 16,5 2,6 7,7 7,8 13,9 4,10 3,11 7,12 10,13 18,14 3,15 18,16 4,17 2,18 6,19 14,20 3,21 5,22 15,23 2,24 3,25 1,26 7,27 2,28 5,29 2,30 5,31 5,32 17,33 5,34 10,36 14,38 2,39 9,40 7,41 2,42 7,43 5,44 8,45 4,46 5,47 3,48 3,49 8,50 ww}
{0 3,1 3,2 13,3 3,4 17,5 1,6 9,7 2,8 7,9 3,10 3,11 9,12 6,13 15,14 11,15 15,16 4,18 3,19 19,20 10,21 2,22 8,23 3,24 4,25 1,26 5,27 1,28 6,29 7,30 8,31 6,32 10,33 8,34 8,35 1,36 6,37 1,39 6,40 4,41 1,42 7,43 1,44 9,45 5,46 3,47 7,48 3,49 2,50 ww}
{0 5,1 1,2 22,3 1,4 24,5 3,6 6,7 1,8 10,10 4,11 4,12 14,13 19,14 1,15 29,17 1,18 3,19 27,20 1,21 4,22 16,23 6,24 2,25 2,26 8,27 1,28 6,29 4,30 8,31 3,32 12,33 3,34 9,35 3,36 10,37 3,38 6,39 3,40 2,41 2,42 1,43 3,44 5,45 1,46 7,47 1,48 5,49 7,50 ww}
{1 3,2 29,4 17,5 3,6 10,7 6,8 16,9 4,10 6,11 4,12 8,13 22,14 7,15 35,16 1,17 1,19 24,20 3,21 1,22 7,23 8,24 5,25 1,26 4,27 2,28 3,29 1,30 12,31 4,32 15,33 2,34 11,35 6,36 6,37 7,38 7,39 2,40 4,41 1,42 9,43 1,44 7,46 9,47 3,48 5,49 14,50 ww}

Calculating InfoGain on the training set's features
===================================================
Features InfoGain score (non-zero only):
----------------------------------------
> POS-Bigrams-6{(NN)-(NNS)}     0.523897
> POS-Bigrams-37{(,)-(CC)}      0.407658
> POS-Bigrams-13{(NN)-(NN)}     0.404328
> POS-Bigrams-40{(IN)-(PRP)}    0.309326
> POS-Bigrams-35{(VBZ)-(DT)}    0.308130
> POS-Bigrams-22{(PRP)-(VBP)}   0.287407
> POS-Bigrams-29{(PRP)-(VBZ)}   0.287235
> POS-Bigrams-3{(IN)-(DT)}      0.280633
> POS-Bigrams-41{(NNS)-(VBP)}   0.273265
> POS-Bigrams-12{(NNS)-(,)}     0.272018
> POS-Bigrams-15{(IN)-(NNS)}    0.256166
> POS-Bigrams-9{(NN)-(.)}       0.238455
> POS-Bigrams-27{(IN)-(JJ)}     0.197486

Feature-type breakdown:
-----------------------
> POS-Bigrams   4.046003 (100.00%)

done!

2013-03-29, 13:18:20 Starting 10-folds cross-validation on training corpus phase...

================================================================================

Running analysis with classifier 1 out of 1:
> Classifier: weka.classifiers.functions.SMO
> Options:    -C 1.0 -L 0.0010 -P 1.0E-12 -N 0 -V -1 -W 1 -K weka.classifiers.functions.supportVector.PolyKernel -C 250007 -E 1.0 

2013-03-29, 13:18:20 Starting cross validation...
2013-03-29, 13:18:21 done!

=== Summary ===

Correctly Classified Instances          62               77.5    %
Incorrectly Classified Instances        18               22.5    %
Kappa statistic                          0.7135
Mean absolute error                      0.2535
Root mean squared error                  0.3351
Relative absolute error                 80.2514 %
Root relative squared error             84.3546 %
Total Number of Instances               80     

=== Detailed Accuracy By Class ===

               TP Rate   FP Rate   Precision   Recall  F-Measure   ROC Area  Class
                 0.889     0.113      0.696     0.889     0.78       0.951    h
                 0.714     0.061      0.714     0.714     0.714      0.915    mm
                 0.818     0.069      0.818     0.818     0.818      0.9      pp
                 0.8       0          1         0.8       0.889      0.962    u
                 0.545     0.043      0.667     0.545     0.6        0.886    ww
Weighted Avg.    0.775     0.061      0.786     0.775     0.775      0.924

=== Confusion Matrix ===

  a  b  c  d  e   <-- classified as
 16  0  2  0  0 |  a = h
  0 10  1  0  3 |  b = mm
  4  0 18  0  0 |  c = pp
  2  0  1 12  0 |  d = u
  1  4  0  0  6 |  e = ww

