============================ JStylo Analysis Output ============================
Started analysis on 2013-04-02, 16:11:06
Running 10-folds cross validation on training corpus

Training corpus:
> aa (14 documents)
> bb (19 documents)
> cc (18 documents)
> e (16 documents)
> g (16 documents)
> gg (14 documents)
> hh (20 documents)
> l (14 documents)
> ll (13 documents)
> n (13 documents)
> p (20 documents)
> q (15 documents)
> qq (23 documents)
> s (14 documents)
> w (14 documents)

Feature set: Conjunctionss only:
> Conjunctions

Classifiers used:
> weka.classifiers.functions.SMO                    	-C 1.0 -L 0.001 -P 1.0E-12 -N 0 -V -1 -W 1 -K weka.classifiers.functions.supportVector.PolyKernel -C 250007 -E 1.0 

================================================================================

2013-04-02, 16:11:06 Extracting features from training corpus (using sparse representation)...
2013-04-02, 16:11:12 done!

Training corpus features (ARFF):
================================
@relation JStylo

@attribute 'Conjunctions-1{while}' numeric
@attribute 'Conjunctions-2{before}' numeric
@attribute 'Conjunctions-3{nor}' numeric
@attribute 'Conjunctions-4{till}' numeric
@attribute 'Conjunctions-5{that}' numeric
@attribute 'Conjunctions-6{once}' numeric
@attribute 'Conjunctions-7{after}' numeric
@attribute 'Conjunctions-8{but}' numeric
@attribute 'Conjunctions-9{until}' numeric
@attribute 'Conjunctions-10{than}' numeric
@attribute 'Conjunctions-11{because}' numeric
@attribute 'Conjunctions-12{though}' numeric
@attribute 'Conjunctions-13{when}' numeric
@attribute 'Conjunctions-14{how}' numeric
@attribute 'Conjunctions-15{for}' numeric
@attribute 'Conjunctions-16{or}' numeric
@attribute 'Conjunctions-17{as}' numeric
@attribute 'Conjunctions-18{although}' numeric
@attribute 'Conjunctions-19{so}' numeric
@attribute 'Conjunctions-20{and}' numeric
@attribute 'Conjunctions-21{where}' numeric
@attribute 'Conjunctions-22{yet}' numeric
@attribute 'Conjunctions-23{since}' numeric
@attribute 'Conjunctions-24{if}' numeric
@attribute 'Conjunctions-25{whether}' numeric
@attribute authorName {aa,bb,cc,e,g,gg,hh,l,ll,n,p,q,qq,s,w}

@data
{0 1,4 8,7 2,9 1,10 1,13 1,14 5,15 11,16 11,17 1,18 2,19 20,20 1,23 1}
{0 1,4 6,7 4,10 3,13 1,14 1,15 2,16 3,18 1,19 20}
{4 12,6 1,7 1,9 1,10 5,12 4,16 5,18 1,19 18,23 1}
{0 1,4 4,7 2,8 1,9 1,10 3,12 1,13 2,14 5,15 1,16 2,19 12,23 2}
{0 2,4 10,7 2,9 2,10 5,12 1,14 8,15 2,16 8,18 2,19 15}
{1 1,4 10,7 5,8 1,9 1,10 1,12 1,13 1,14 4,16 6,18 3,19 15,20 1,21 1,23 3}
{1 1,4 12,7 5,10 2,12 3,13 6,14 4,15 1,16 1,18 1,19 23,20 1,22 2}
{4 3,6 1,7 2,12 2,15 2,16 3,19 18,22 1,23 1}
{4 5,6 1,7 2,9 3,10 1,13 1,14 3,15 1,16 2,19 19,23 1}
{4 2,6 2,7 1,9 2,10 2,11 1,14 3,16 3,19 19,20 2}
{4 3,7 3,10 2,14 7,15 4,16 7,19 19,22 1,23 1}
{4 13,6 1,7 1,9 3,10 1,12 1,13 2,14 4,15 1,16 4,18 2,19 13,23 2}
{1 1,4 12,7 4,10 1,13 1,14 5,15 1,16 3,17 1,18 2,19 20,23 1}
{0 2,4 12,6 2,7 3,8 1,10 1,12 2,13 2,14 2,16 5,17 1,18 1,19 11,20 2,23 1}
{4 10,7 2,12 1,13 1,14 4,15 6,16 2,18 1,19 9,20 1,23 3,24 1,25 bb}
{4 5,7 2,8 1,9 2,13 2,14 4,15 3,16 2,19 20,23 4,25 bb}
{0 1,4 1,6 3,7 1,9 1,11 1,13 2,14 5,15 4,16 3,18 1,19 17,24 1,25 bb}
{4 1,7 1,8 1,14 5,16 5,17 1,19 26,25 bb}
{4 3,5 1,6 1,7 1,9 3,12 1,14 7,15 4,16 2,17 1,19 24,23 1,25 bb}
{4 5,7 2,12 2,14 2,16 3,19 17,23 4,25 bb}
{4 6,5 1,7 3,9 1,10 1,12 1,14 5,16 6,18 1,19 23,22 1,25 bb}
{0 1,1 1,4 1,7 3,8 1,9 1,10 1,11 1,12 1,14 3,15 1,16 8,17 2,18 1,19 23,21 1,22 1,25 bb}
{1 1,4 2,7 2,9 1,13 1,14 8,16 2,17 1,18 1,19 19,25 bb}
{0 1,4 5,6 1,7 2,8 1,9 1,10 2,13 1,14 4,16 1,18 1,19 23,23 4,25 bb}
{4 16,10 2,12 5,14 4,16 4,19 10,23 2,25 bb}
{1 1,4 8,7 1,8 1,9 1,10 2,12 3,14 5,18 2,19 15,20 1,23 1,25 bb}
{0 2,4 5,6 1,8 2,10 1,12 4,14 3,15 1,16 6,17 1,19 17,25 bb}
{4 3,7 1,14 3,16 6,18 1,19 13,25 bb}
{4 6,6 5,7 2,12 2,14 2,15 1,16 10,17 2,19 16,21 1,25 bb}
{5 1,7 2,9 2,10 2,12 1,14 3,15 2,16 1,17 2,19 20,25 bb}
{4 1,5 1,7 2,10 3,12 3,14 2,16 2,18 2,19 32,20 1,23 1,25 bb}
{4 3,6 1,12 3,14 3,15 1,16 2,19 16,20 2,23 1,25 bb}
{4 6,6 2,7 2,9 2,12 3,13 2,14 9,15 4,16 4,18 2,19 17,20 1,25 bb}
{0 2,1 2,4 5,7 3,8 2,11 1,12 1,14 4,15 3,16 6,17 1,18 2,19 16,22 1,25 cc}
{0 2,4 6,9 3,12 1,14 2,15 1,16 7,19 13,21 2,24 1,25 cc}
{0 1,4 3,9 1,10 1,14 5,15 5,16 6,18 1,19 10,20 1,21 1,22 1,23 1,25 cc}
{0 4,4 5,7 2,13 1,14 2,15 3,16 7,18 2,19 15,21 2,23 2,25 cc}
{0 1,4 7,10 2,11 1,12 1,14 1,15 3,16 6,18 1,19 13,21 1,23 3,25 cc}
{0 1,4 5,12 1,14 4,15 3,16 3,19 19,23 2,25 cc}
{0 1,4 3,7 2,9 1,10 5,13 1,14 3,15 5,16 8,18 1,19 11,20 1,21 1,25 cc}
{1 2,4 11,7 3,8 1,9 1,11 2,14 6,15 9,16 7,19 9,25 cc}
{4 11,7 2,9 1,10 2,12 1,14 6,15 4,16 6,18 3,19 11,23 3,25 cc}
{0 1,1 1,2 1,4 9,7 4,9 1,10 1,12 1,14 2,15 10,16 5,18 1,19 14,20 1,23 1,25 cc}
{4 6,7 2,10 1,12 2,14 2,15 3,16 11,19 17,23 1,25 cc}
{1 2,4 12,7 1,10 1,12 1,14 3,15 1,16 7,19 21,25 cc}
{0 2,4 9,6 1,7 3,10 1,12 1,13 1,14 3,15 3,16 7,17 1,18 1,19 22,25 cc}
{0 1,4 14,6 1,7 2,10 1,11 1,12 1,13 1,14 4,15 1,16 9,18 2,19 18,25 cc}
{0 1,4 11,5 1,6 1,10 1,11 1,12 2,14 5,16 5,19 18,23 1,25 cc}
{1 1,4 10,7 2,8 1,12 1,14 6,15 2,16 6,17 1,19 15,20 1,22 1,23 1,25 cc}
{4 5,5 1,7 1,9 1,10 1,12 1,14 1,15 2,16 5,19 10,20 1,22 2,25 cc}
{4 4,9 1,11 1,12 2,13 2,14 7,16 5,19 16,25 cc}
{0 1,1 1,4 2,7 1,8 1,14 1,16 5,19 27,20 1,23 1,25 e}
{0 2,1 1,4 4,6 4,8 2,10 1,12 2,14 3,16 7,19 17,25 e}
{4 4,6 2,7 3,8 1,9 1,14 1,16 5,19 21,22 1,25 e}
{4 5,6 3,7 1,8 1,9 1,12 2,13 1,14 2,16 4,19 13,21 1,25 e}
{0 1,4 8,9 1,12 2,13 1,14 5,16 2,19 16,25 e}
{4 4,7 2,10 1,13 5,14 9,15 1,16 3,19 8,25 e}
{4 3,8 1,14 6,15 4,16 8,19 11,23 1,25 e}
{4 4,6 1,7 2,8 2,14 5,16 7,19 22,23 2,25 e}
{0 2,1 1,4 3,9 1,11 1,14 5,15 2,16 9,19 7,25 e}
{0 1,4 9,6 3,7 2,9 2,14 4,15 1,16 5,17 1,19 12,25 e}
{0 2,4 6,6 2,7 2,8 1,9 1,12 1,13 2,14 1,15 1,16 9,19 14,25 e}
{4 5,7 3,9 2,11 1,13 3,14 1,16 7,19 13,25 e}
{0 3,1 1,4 3,7 3,9 1,11 1,14 2,16 7,19 10,20 1,22 1,25 e}
{0 1,4 5,7 2,8 1,9 1,11 3,12 1,13 1,14 4,16 5,18 1,19 10,21 1,25 e}
{0 3,4 3,5 1,7 2,9 1,12 1,14 5,16 2,19 10,20 1,25 e}
{0 2,4 1,7 1,12 1,13 1,14 2,16 11,19 13,20 1,21 2,23 1,25 e}
{1 1,4 4,6 2,9 1,12 2,14 5,15 5,16 4,19 16,25 g}
{1 1,4 5,12 4,14 2,15 4,16 6,19 16,25 g}
{4 10,7 2,12 1,14 4,15 6,16 2,18 1,19 17,23 1,24 1,25 g}
{1 1,3 1,4 16,7 2,8 1,12 3,13 1,14 2,16 3,17 1,19 17,20 2,25 g}
{2 2,4 8,6 1,7 1,8 1,9 1,10 2,12 7,13 1,14 1,16 3,18 6,19 13,20 1,22 1,23 1,25 g}
{0 1,4 5,6 1,7 5,10 1,13 1,14 3,15 3,16 2,17 1,19 29,20 1,22 1,23 1,25 g}
{0 1,4 8,12 1,14 4,15 1,16 3,19 13,25 g}
{4 3,7 1,14 1,15 1,16 9,17 1,19 23,25 g}
{2 1,4 16,7 2,9 1,14 3,15 1,16 5,19 10,20 2,23 1,25 g}
{0 1,4 6,7 1,13 1,14 4,16 6,17 1,18 2,19 9,20 1,22 1,23 1,25 g}
{1 1,4 3,7 2,10 1,15 1,16 5,19 11,24 1,25 g}
{0 2,4 4,6 1,7 2,8 1,9 1,12 2,14 2,18 2,19 15,23 1,25 g}
{0 1,1 2,4 2,7 6,13 1,14 2,16 4,18 2,19 6,23 1,25 g}
{1 1,4 2,5 1,6 1,7 3,8 1,9 2,10 1,12 2,14 1,15 1,16 4,18 2,19 10,25 g}
{1 2,4 2,6 1,8 1,9 2,12 2,14 2,16 3,18 1,19 11,25 g}
{0 2,3 1,4 9,6 2,7 2,9 1,10 4,11 1,12 1,13 2,14 3,18 3,19 8,20 2,22 2,23 5,25 g}
{0 2,1 1,4 9,7 1,9 1,10 1,11 1,12 2,14 4,15 1,16 9,18 2,19 20,21 1,23 2,25 gg}
{0 1,3 1,4 5,7 2,9 3,10 1,11 2,12 2,14 6,16 6,17 1,19 19,20 1,25 gg}
{4 6,5 2,10 1,12 4,13 3,14 5,15 4,16 5,18 1,19 19,20 2,22 1,25 gg}
{4 10,7 2,10 1,12 2,13 1,14 5,15 3,16 4,18 1,19 18,20 1,25 gg}
{4 13,10 1,14 9,15 6,16 3,19 7,20 2,23 3,25 gg}
{4 5,7 1,10 2,11 1,13 1,14 3,15 2,16 9,19 12,23 4,24 1,25 gg}
{4 15,7 4,14 2,15 4,16 1,19 7,21 1,23 4,25 gg}
{4 14,7 1,8 1,10 4,13 3,14 4,15 1,16 4,18 1,19 12,20 1,23 2,25 gg}
{1 1,4 12,5 1,9 1,10 1,11 1,12 1,13 2,14 6,15 3,16 4,18 1,19 17,23 2,25 gg}
{4 2,7 3,8 1,9 1,10 1,11 1,12 1,14 6,15 1,16 8,19 18,21 1,23 3,25 gg}
{0 1,1 1,4 4,5 1,7 2,8 1,10 1,11 1,13 1,14 1,15 2,16 4,18 2,19 16,23 2,24 1,25 gg}
{4 15,7 2,9 4,10 1,11 3,14 1,15 6,16 6,19 16,23 6,24 1,25 gg}
{1 3,2 1,4 7,7 1,12 1,13 3,14 4,15 1,16 2,18 3,19 23,20 2,25 gg}
{0 1,4 11,7 4,10 2,11 1,12 1,13 3,14 7,15 1,16 3,18 2,19 15,25 gg}
{1 1,4 13,6 1,7 5,9 2,10 3,12 1,13 1,14 3,15 2,16 3,17 1,18 1,19 19,22 1,23 1,24 1,25 hh}
{1 2,4 14,7 2,10 1,11 1,12 2,13 3,14 2,15 1,16 7,19 18,22 1,25 hh}
{4 22,7 2,9 1,10 1,11 1,12 3,13 2,14 6,16 2,17 1,18 2,19 13,25 hh}
{0 1,4 16,6 3,7 1,8 1,9 1,10 1,12 1,13 2,14 5,15 1,16 3,18 7,19 16,23 3,25 hh}
{0 2,4 6,7 3,9 1,10 6,11 2,12 7,13 1,14 1,15 2,16 17,18 3,19 18,20 1,25 hh}
{4 13,7 2,8 1,10 3,11 1,12 1,13 5,14 2,15 3,16 6,18 2,19 23,23 2,25 hh}
{0 2,4 16,7 2,10 1,12 1,13 3,14 4,15 3,16 2,18 5,19 14,23 2,25 hh}
{4 11,7 7,10 1,11 1,12 3,13 3,14 4,15 7,16 3,18 3,19 14,23 2,25 hh}
{1 1,4 19,6 1,7 3,10 1,12 4,13 2,14 2,16 3,17 1,18 5,19 18,21 2,25 hh}
{1 1,4 9,7 1,8 2,10 1,13 4,14 2,15 3,17 1,18 5,19 15,21 1,23 1,25 hh}
{4 9,6 1,7 2,9 1,10 1,12 2,13 2,15 3,16 8,17 1,18 1,19 16,22 1,25 hh}
{4 8,11 1,13 1,14 8,15 1,16 2,19 11,20 1,25 hh}
{4 10,7 2,9 3,14 3,15 2,16 2,19 10,23 1,25 hh}
{4 7,5 1,9 1,12 1,13 2,14 2,15 6,16 1,18 1,19 11,22 2,25 hh}
{4 4,9 2,10 1,12 1,14 4,15 1,16 2,17 1,19 15,20 1,22 1,23 1,25 hh}
{0 1,1 1,4 7,7 1,9 1,13 2,14 7,15 4,16 1,18 1,19 10,20 1,23 1,25 hh}
{4 12,7 4,9 3,10 2,12 1,13 1,14 5,15 1,16 1,18 1,19 15,23 1,25 hh}
{0 1,4 13,7 1,9 2,10 2,13 1,14 5,16 2,18 2,19 15,25 hh}
{4 5,9 1,10 1,12 1,13 2,14 5,15 3,16 2,18 1,19 15,20 1,22 3,25 hh}
{4 8,5 1,6 1,7 2,9 1,10 1,11 1,12 1,14 1,15 2,16 3,18 4,19 14,22 1,23 1,24 1,25 hh}
{0 3,4 2,6 2,9 1,14 2,16 7,19 10,20 3,25 l}
{4 2,12 3,14 4,15 1,16 6,18 2,19 21,22 1,25 l}
{0 2,4 7,6 1,9 3,11 1,14 7,15 8,16 9,18 2,19 13,23 2,25 l}
{4 8,6 1,14 4,16 11,18 1,19 13,25 l}
{4 5,9 1,13 3,14 5,15 5,19 18,22 1,23 1,24 1,25 l}
{0 1,4 4,6 1,12 1,13 1,15 1,16 4,19 13,25 l}
{0 1,4 9,7 4,11 1,12 1,13 2,14 2,16 5,18 2,19 11,23 5,25 l}
{4 5,7 2,10 1,12 2,13 1,14 7,15 2,18 3,19 12,23 1,25 l}
{4 9,5 1,7 1,10 1,13 1,14 5,15 3,16 2,17 1,18 1,19 18,25 l}
{4 14,7 2,9 1,10 1,12 3,14 5,15 4,16 5,18 2,19 15,20 1,23 2,25 l}
{4 6,7 1,8 1,9 1,10 1,14 2,15 4,16 7,17 1,18 2,19 11,20 1,23 2,25 l}
{0 2,1 2,2 1,4 5,7 2,9 2,14 1,15 8,16 3,18 1,19 10,20 2,23 1,24 1,25 l}
{0 3,4 14,5 2,7 2,12 1,14 4,15 4,16 2,18 1,19 17,22 1,23 2,25 l}
{4 13,11 1,12 3,13 1,14 2,15 4,16 1,18 2,19 14,20 1,23 1,25 l}
{4 4,7 1,12 1,13 2,14 3,16 3,18 1,19 25,25 ll}
{0 2,1 1,4 3,6 1,9 2,10 1,12 1,14 3,15 1,16 8,18 1,19 19,23 3,25 ll}
{1 1,4 1,7 8,8 1,10 1,11 3,12 1,14 4,15 1,16 7,18 1,19 16,20 1,23 1,25 ll}
{4 8,6 1,7 2,9 1,10 1,11 2,14 6,16 8,18 1,19 12,22 1,25 ll}
{4 4,7 6,11 4,14 4,16 5,18 2,19 18,23 1,25 ll}
{0 1,4 7,7 7,9 1,11 1,13 3,14 3,16 2,17 1,19 16,23 1,25 ll}
{4 9,7 5,10 1,11 4,12 1,13 3,14 1,15 1,16 2,18 3,19 13,22 1,25 ll}
{1 2,4 2,6 1,7 7,10 1,11 2,13 3,14 6,15 1,16 7,19 10,25 ll}
{0 1,4 4,5 1,7 4,9 2,11 1,12 1,13 5,14 2,15 2,16 7,19 20,25 ll}
{1 1,4 5,7 3,9 1,13 2,14 5,15 2,16 5,19 18,25 ll}
{1 1,4 6,7 3,8 1,9 3,11 3,12 2,13 2,14 4,15 3,16 6,18 2,19 12,25 ll}
{4 6,7 4,8 1,11 1,13 1,14 3,15 4,16 6,18 1,19 18,22 1,23 3,24 1,25 ll}
{0 1,4 4,7 7,9 1,10 1,11 1,12 1,13 1,14 10,15 1,16 6,18 1,19 14,23 4,25 ll}
{4 6,11 1,14 3,15 5,16 4,18 1,19 12,20 2,25 n}
{4 13,6 1,7 1,10 1,14 2,16 2,19 10,20 1,25 n}
{4 17,7 3,9 1,10 1,12 2,14 1,16 8,19 7,20 2,23 2,24 1,25 n}
{0 1,4 11,6 1,7 2,9 2,10 1,12 1,13 3,14 5,15 2,16 6,18 1,19 9,23 1,25 n}
{0 1,4 7,7 2,9 1,11 1,12 2,14 8,15 1,16 8,18 1,19 9,20 1,21 1,22 1,23 2,25 n}
{0 3,1 1,4 7,7 1,9 1,12 1,13 3,14 6,16 11,17 1,19 7,20 1,24 1,25 n}
{4 12,6 2,7 1,13 2,14 5,15 2,16 7,19 5,20 1,25 n}
{1 1,4 9,7 1,13 1,15 1,16 6,18 2,19 5,23 1,24 1,25 n}
{4 13,7 1,11 1,14 2,15 2,16 5,17 3,19 7,22 1,24 1,25 n}
{4 9,7 1,13 1,14 3,16 15,19 8,23 1,25 n}
{4 11,9 2,12 3,14 2,15 1,16 6,17 1,19 11,21 1,23 1,25 n}
{0 1,4 4,6 1,7 2,10 1,14 2,16 10,17 2,19 13,20 1,23 1,25 n}
{2 1,4 16,5 1,7 2,8 1,10 2,12 1,14 1,16 2,17 1,19 17,20 1,25 n}
{1 2,4 6,5 1,7 1,8 1,9 1,13 1,14 3,16 4,18 4,19 14,22 1,23 1,25 p}
{0 2,4 10,6 1,8 2,9 1,12 2,13 1,14 3,16 4,18 2,19 15,20 1,22 1,25 p}
{4 9,6 1,9 1,11 1,12 3,14 1,15 1,16 4,19 12,22 1,23 3,25 p}
{0 1,1 1,4 14,5 1,11 1,12 1,14 4,15 5,16 7,18 4,19 10,25 p}
{1 2,4 4,6 1,7 3,14 4,15 1,16 4,18 1,19 17,21 1,23 1,25 p}
{0 1,1 1,4 2,14 4,15 2,16 1,19 11,25 p}
{4 4,9 1,10 2,11 1,12 2,16 9,19 16,20 3,22 1,25 p}
{0 1,4 3,5 1,6 2,7 4,10 2,12 3,14 5,15 1,16 3,17 1,18 2,19 19,21 1,25 p}
{4 1,7 2,9 1,11 1,14 7,15 3,16 3,18 2,19 18,20 1,21 1,23 1,25 p}
{0 2,1 2,4 1,5 1,6 1,7 1,9 1,10 2,12 1,14 4,15 3,16 4,18 4,19 17,20 2,23 2,25 p}
{4 1,6 2,7 1,9 1,10 1,12 1,14 1,15 3,16 4,18 1,19 15,21 1,22 1,23 3,25 p}
{1 1,4 3,6 1,7 2,9 1,14 2,15 1,16 4,18 1,19 19,21 1,22 1,25 p}
{1 2,4 1,7 3,11 2,14 3,15 2,16 6,18 1,19 18,20 1,21 1,23 2,25 p}
{4 7,5 1,6 1,7 2,14 2,16 7,19 17,25 p}
{4 10,12 1,14 2,15 1,16 2,19 14,20 1,23 3,25 p}
{4 4,5 1,12 1,14 5,15 4,16 2,18 2,19 18,25 p}
{0 1,4 1,7 2,10 1,12 1,14 1,15 1,16 8,19 20,20 1,25 p}
{0 2,4 6,6 1,7 1,9 1,12 1,13 1,14 7,15 6,16 2,17 1,18 2,19 16,23 2,25 p}
{4 1,5 1,6 1,11 2,12 1,14 2,15 2,16 6,18 5,19 12,24 1,25 p}
{0 1,1 1,4 3,5 1,7 1,8 2,14 2,15 2,16 5,18 1,19 17,25 p}
{4 6,9 1,12 2,14 4,15 4,16 3,19 13,20 1,25 q}
{4 1,7 2,11 1,14 8,15 1,16 4,19 14,25 q}
{1 2,4 2,5 2,7 5,10 2,11 1,13 2,14 2,16 3,18 2,19 12,21 1,25 q}
{4 6,7 3,10 1,11 2,14 5,15 1,16 5,18 2,19 9,21 1,22 1,25 q}
{4 6,6 1,7 1,9 2,10 1,14 3,15 1,16 4,18 2,19 5,22 1,23 1,25 q}
{2 1,4 5,7 3,9 1,14 3,15 2,16 3,18 2,19 10,20 1,25 q}
{4 2,7 3,9 1,14 7,16 5,18 1,19 11,20 1,21 1,25 q}
{4 2,7 8,10 1,11 1,13 1,14 4,15 2,16 5,19 9,20 1,21 1,24 1,25 q}
{0 1,4 9,6 1,7 2,9 2,10 1,13 1,14 3,15 1,16 4,19 11,23 1,25 q}
{0 1,4 8,10 1,12 2,14 4,15 2,16 10,18 2,19 14,25 q}
{4 8,6 1,7 3,9 1,11 1,12 3,14 6,16 4,19 9,20 1,25 q}
{2 1,4 5,6 1,7 2,9 1,14 5,16 5,18 4,19 13,23 1,25 q}
{2 2,4 3,5 1,6 3,7 3,12 1,14 3,16 3,18 3,19 8,20 1,23 1,25 q}
{0 1,4 7,5 1,6 1,7 3,14 5,15 2,16 1,18 1,19 8,23 1,25 q}
{1 1,4 15,7 1,8 1,10 2,11 1,14 3,15 3,16 2,19 10,23 1,25 q}
{0 2,4 2,6 2,12 1,14 3,15 1,16 5,17 1,18 1,19 15,20 1,25 qq}
{0 2,4 1,7 2,9 2,10 1,14 17,15 3,16 5,19 20,23 1,25 qq}
{4 5,7 2,8 1,9 1,10 1,11 1,12 1,14 3,15 1,16 5,17 1,18 1,19 15,25 qq}
{4 5,9 3,11 2,12 1,14 5,16 5,19 17,20 1,25 qq}
{1 1,4 4,6 1,7 2,9 1,10 1,14 4,15 1,16 6,17 1,19 18,20 1,24 1,25 qq}
{1 1,4 2,8 1,9 1,11 3,14 4,15 1,16 5,19 17,20 2,25 qq}
{0 1,1 2,4 2,6 1,7 1,8 1,9 1,11 1,12 1,14 1,15 2,16 3,18 1,19 24,25 qq}
{4 2,6 1,7 1,8 2,9 1,10 1,11 1,14 7,15 1,16 7,18 2,19 25,25 qq}
{7 1,8 1,14 2,15 2,16 7,19 30,25 qq}
{0 1,1 1,4 5,6 2,9 1,11 1,14 6,16 4,19 21,22 1,25 qq}
{4 4,5 1,6 1,7 1,11 1,14 2,16 3,19 34,25 qq}
{4 4,6 1,7 1,8 1,9 2,10 1,11 2,12 1,14 2,16 1,17 1,19 13,20 1,25 qq}
{0 1,1 1,4 3,6 1,7 1,8 1,9 2,12 1,14 3,15 2,16 7,18 1,19 15,25 qq}
{8 1,9 1,10 1,11 2,14 2,15 1,16 12,18 3,19 23,25 qq}
{7 1,10 1,11 1,14 3,15 1,16 7,19 23,23 1,25 qq}
{4 1,6 1,7 1,9 1,11 1,12 1,14 3,16 6,19 17,20 1,25 qq}
{0 1,4 3,14 3,15 2,16 7,19 20,25 qq}
{0 1,4 1,11 2,14 7,16 4,19 24,25 qq}
{0 1,4 3,6 4,7 1,11 2,14 7,15 1,16 4,19 27,25 qq}
{0 1,4 3,6 2,12 1,14 5,16 7,19 21,25 qq}
{4 3,7 1,8 1,11 2,14 4,15 1,16 11,19 16,25 qq}
{4 4,8 1,12 1,14 2,16 2,18 1,19 20,22 2,25 qq}
{4 3,6 1,11 3,14 4,15 1,16 3,19 29,20 2,25 qq}
{0 2,4 17,7 1,10 3,12 1,14 7,16 2,19 7,23 1,25 s}
{4 15,7 7,9 1,10 1,11 1,14 9,15 3,16 10,18 1,19 7,22 2,23 2,25 s}
{0 1,4 15,7 3,8 1,9 1,10 1,12 1,14 3,15 1,16 2,18 3,19 8,23 1,25 s}
{4 14,7 6,9 2,14 7,15 3,16 4,18 2,19 6,22 2,23 5,25 s}
{4 16,7 6,9 1,10 1,14 5,15 2,16 6,18 1,19 5,23 3,25 s}
{4 14,7 5,9 1,14 4,15 3,16 4,18 1,19 6,22 2,23 3,25 s}
{4 14,7 1,9 1,10 2,14 4,15 2,16 5,18 3,19 17,21 1,24 1,25 s}
{0 2,4 7,7 3,8 2,9 1,10 1,11 1,12 1,13 1,14 5,15 3,16 3,19 4,23 1,25 s}
{4 14,6 1,10 3,12 1,13 2,14 7,15 2,16 3,18 3,19 5,23 3,25 s}
{0 1,1 1,4 15,7 4,9 2,10 3,12 2,13 1,14 4,15 1,16 6,18 2,19 6,23 1,24 1,25 s}
{0 1,1 1,4 15,7 2,13 1,14 5,15 1,16 10,19 13,25 s}
{0 1,4 16,7 2,10 2,14 3,15 1,16 3,18 1,19 13,23 1,25 s}
{0 1,4 12,7 6,9 4,12 1,14 3,16 5,18 1,19 11,24 1,25 s}
{2 1,4 8,6 2,7 2,9 4,10 1,13 1,14 3,16 3,17 1,19 15,23 1,24 1,25 s}
{4 11,12 1,13 1,14 3,15 7,16 1,19 12,25 w}
{0 1,4 1,7 3,14 5,15 12,16 5,18 1,19 17,25 w}
{0 1,4 3,6 1,7 2,10 1,12 3,13 1,14 2,15 2,16 6,19 19,22 1,23 1,25 w}
{0 1,2 1,4 2,6 1,7 1,12 2,15 1,16 1,17 1,18 1,19 18,20 1,25 w}
{4 4,6 1,7 1,8 1,12 2,14 6,15 3,16 7,17 1,18 1,19 18,25 w}
{0 3,4 4,7 1,12 4,14 6,15 4,16 3,18 1,19 16,23 1,25 w}
{0 1,4 1,5 1,6 1,7 2,9 1,14 8,15 1,16 5,18 1,19 14,20 1,23 1,25 w}
{0 2,2 1,4 3,7 1,9 1,14 3,15 2,16 2,18 1,19 14,25 w}
{4 4,6 1,8 1,9 1,12 3,14 3,15 3,16 2,19 17,23 2,25 w}
{1 1,4 3,7 4,8 1,10 4,12 2,14 3,15 1,16 4,19 18,20 3,25 w}
{0 3,4 6,5 1,6 2,7 4,9 1,12 1,14 7,15 2,16 4,19 16,25 w}

Calculating InfoGain on the training set's features
===================================================
Features InfoGain score (non-zero only):
----------------------------------------
> Conjunctions-5{that}        0.312803

Feature-type breakdown:
-----------------------
> Conjunctions   0.312803 (100.00%)

done!

2013-04-02, 16:11:12 Starting 10-folds cross-validation on training corpus phase...

================================================================================

Running analysis with classifier 1 out of 1:
> Classifier: weka.classifiers.functions.SMO
> Options:    -C 1.0 -L 0.001 -P 1.0E-12 -N 0 -V -1 -W 1 -K weka.classifiers.functions.supportVector.PolyKernel -C 250007 -E 1.0 

2013-04-02, 16:11:12 Starting cross validation...
2013-04-02, 16:11:23 done!

=== Summary ===

Correctly Classified Instances          84               35      %
Incorrectly Classified Instances       156               65      %
Kappa statistic                          0.2978
Mean absolute error                      0.1197
Root mean squared error                  0.2431
Relative absolute error                 96.4761 %
Root relative squared error             97.5955 %
Total Number of Instances              240     

=== Detailed Accuracy By Class ===

               TP Rate   FP Rate   Precision   Recall  F-Measure   ROC Area  Class
                 0.143     0.035      0.2       0.143     0.167      0.748    aa
                 0.211     0.086      0.174     0.211     0.19       0.692    bb
                 0.444     0.081      0.308     0.444     0.364      0.72     cc
                 0.313     0.049      0.313     0.313     0.313      0.827    e
                 0.063     0.027      0.143     0.063     0.087      0.55     g
                 0.071     0.027      0.143     0.071     0.095      0.688    gg
                 0.55      0.077      0.393     0.55      0.458      0.81     hh
                 0         0.058      0         0         0          0.527    l
                 0.615     0.009      0.8       0.615     0.696      0.802    ll
                 0.231     0.022      0.375     0.231     0.286      0.801    n
                 0.4       0.082      0.308     0.4       0.348      0.713    p
                 0.4       0.031      0.462     0.4       0.429      0.791    q
                 0.783     0.092      0.474     0.783     0.59       0.901    qq
                 0.571     0.022      0.615     0.571     0.593      0.918    s
                 0.091     0.004      0.5       0.091     0.154      0.761    w
Weighted Avg.    0.35      0.052      0.342     0.35      0.33       0.753

=== Confusion Matrix ===

  a  b  c  d  e  f  g  h  i  j  k  l  m  n  o   <-- classified as
  2  1  3  0  0  1  4  0  0  1  1  0  1  0  0 |  a = aa
  2  4  1  1  0  1  1  1  0  1  4  0  2  1  0 |  b = bb
  1  1  8  1  1  0  0  1  0  0  3  0  1  0  1 |  c = cc
  0  2  0  5  0  0  1  0  1  0  1  1  5  0  0 |  d = e
  1  2  1  1  1  2  1  0  0  2  1  1  3  0  0 |  e = g
  0  3  3  0  1  1  3  1  0  0  0  0  1  1  0 |  f = gg
  2  1  0  0  0  1 11  1  0  0  1  1  0  2  0 |  g = hh
  0  2  2  1  1  0  3  0  1  0  2  1  1  0  0 |  h = l
  0  1  0  0  1  0  0  0  8  0  0  1  2  0  0 |  i = ll
  0  0  3  1  1  0  1  1  0  3  1  1  1  0  0 |  j = n
  0  2  0  2  0  0  0  4  0  1  8  1  2  0  0 |  k = p
  1  0  1  0  0  1  1  1  0  0  2  6  1  1  0 |  l = q
  0  2  0  1  0  0  0  1  0  0  1  0 18  0  0 |  m = qq
  0  0  3  1  0  0  2  0  0  0  0  0  0  8  0 |  n = s
  1  2  1  2  1  0  0  2  0  0  1  0  0  0  1 |  o = w

