============================ JStylo Analysis Output ============================
Started analysis on 2013-04-02, 16:14:56
Running 10-folds cross validation on training corpus

Training corpus:
> aa (14 documents)
> b (17 documents)
> bb (19 documents)
> c (18 documents)
> cc (18 documents)
> d (13 documents)
> dd (14 documents)
> e (16 documents)
> ff (14 documents)
> g (16 documents)
> gg (14 documents)
> h (18 documents)
> hh (20 documents)
> i (14 documents)
> ii (14 documents)
> j (15 documents)
> jj (15 documents)
> k (19 documents)
> l (14 documents)
> ll (13 documents)
> m (14 documents)
> mm (14 documents)
> n (13 documents)
> nn (13 documents)
> p (20 documents)
> pp (22 documents)
> q (15 documents)
> r (14 documents)
> rr (14 documents)
> ss (15 documents)
> t (13 documents)
> tt (16 documents)
> u (15 documents)
> uu (18 documents)
> vv (14 documents)
> w (14 documents)
> ww (15 documents)
> x (13 documents)
> y (13 documents)
> z (13 documents)

Feature set: Conjunctionss only:
> Conjunctions

Classifiers used:
> weka.classifiers.functions.SMO                    	-C 1.0 -L 0.001 -P 1.0E-12 -N 0 -V -1 -W 1 -K weka.classifiers.functions.supportVector.PolyKernel -C 250007 -E 1.0 

================================================================================

2013-04-02, 16:14:56 Extracting features from training corpus (using sparse representation)...
2013-04-02, 16:15:05 done!

Training corpus features (ARFF):
================================
@relation JStylo

@attribute 'Conjunctions-1{while}' numeric
@attribute 'Conjunctions-2{before}' numeric
@attribute 'Conjunctions-3{nor}' numeric
@attribute 'Conjunctions-4{till}' numeric
@attribute 'Conjunctions-5{that}' numeric
@attribute 'Conjunctions-6{once}' numeric
@attribute 'Conjunctions-7{after}' numeric
@attribute 'Conjunctions-8{but}' numeric
@attribute 'Conjunctions-9{until}' numeric
@attribute 'Conjunctions-10{than}' numeric
@attribute 'Conjunctions-11{because}' numeric
@attribute 'Conjunctions-12{though}' numeric
@attribute 'Conjunctions-13{when}' numeric
@attribute 'Conjunctions-14{how}' numeric
@attribute 'Conjunctions-15{for}' numeric
@attribute 'Conjunctions-16{or}' numeric
@attribute 'Conjunctions-17{as}' numeric
@attribute 'Conjunctions-18{although}' numeric
@attribute 'Conjunctions-19{so}' numeric
@attribute 'Conjunctions-20{and}' numeric
@attribute 'Conjunctions-21{where}' numeric
@attribute 'Conjunctions-22{yet}' numeric
@attribute 'Conjunctions-23{since}' numeric
@attribute 'Conjunctions-24{if}' numeric
@attribute 'Conjunctions-25{whether}' numeric
@attribute authorName {aa,b,bb,c,cc,d,dd,e,ff,g,gg,h,hh,i,ii,j,jj,k,l,ll,m,mm,n,nn,p,pp,q,r,rr,ss,t,tt,u,uu,vv,w,ww,x,y,z}

@data
{0 1,4 8,7 2,9 1,10 1,13 1,14 5,15 11,16 11,17 1,18 2,19 20,20 1,23 1}
{0 1,4 6,7 4,10 3,13 1,14 1,15 2,16 3,18 1,19 20}
{4 12,6 1,7 1,9 1,10 5,12 4,16 5,18 1,19 18,23 1}
{0 1,4 4,7 2,8 1,9 1,10 3,12 1,13 2,14 5,15 1,16 2,19 12,23 2}
{0 2,4 10,7 2,9 2,10 5,12 1,14 8,15 2,16 8,18 2,19 15}
{1 1,4 10,7 5,8 1,9 1,10 1,12 1,13 1,14 4,16 6,18 3,19 15,20 1,21 1,23 3}
{1 1,4 12,7 5,10 2,12 3,13 6,14 4,15 1,16 1,18 1,19 23,20 1,22 2}
{4 3,6 1,7 2,12 2,15 2,16 3,19 18,22 1,23 1}
{4 5,6 1,7 2,9 3,10 1,13 1,14 3,15 1,16 2,19 19,23 1}
{4 2,6 2,7 1,9 2,10 2,11 1,14 3,16 3,19 19,20 2}
{4 3,7 3,10 2,14 7,15 4,16 7,19 19,22 1,23 1}
{4 13,6 1,7 1,9 3,10 1,12 1,13 2,14 4,15 1,16 4,18 2,19 13,23 2}
{1 1,4 12,7 4,10 1,13 1,14 5,15 1,16 3,17 1,18 2,19 20,23 1}
{0 2,4 12,6 2,7 3,8 1,10 1,12 2,13 2,14 2,16 5,17 1,18 1,19 11,20 2,23 1}
{4 8,5 1,13 1,14 1,15 2,16 8,17 1,19 18,20 1,25 b}
{4 4,5 1,13 2,14 6,15 5,16 3,18 1,19 10,20 1,23 1,25 b}
{4 8,5 3,12 2,13 1,15 1,16 5,18 1,19 20,23 2,24 1,25 b}
{2 1,4 9,7 1,9 2,10 2,14 3,16 1,18 1,19 13,23 1,25 b}
{4 10,5 1,6 1,9 1,10 1,12 1,13 1,15 4,16 9,18 1,19 11,22 1,23 2,24 1,25 b}
{4 6,5 1,9 1,10 1,12 4,13 1,14 3,15 3,16 3,19 10,21 1,22 1,23 4,24 1,25 b}
{4 13,7 2,9 1,12 1,14 2,15 4,16 3,17 1,19 7,20 1,23 1,24 1,25 b}
{4 8,7 1,10 2,13 2,14 4,15 6,16 4,19 8,20 1,23 1,25 b}
{2 1,4 13,6 1,12 1,13 1,14 2,15 9,19 11,20 1,22 1,23 1,24 2,25 b}
{4 14,7 2,12 2,13 1,14 1,15 4,16 6,19 8,20 1,23 2,24 1,25 b}
{0 1,2 1,4 10,5 1,6 1,7 1,10 2,14 5,15 1,16 4,19 15,20 1,22 2,23 2,25 b}
{4 9,7 2,12 2,13 2,14 2,15 3,16 5,19 20,20 1,22 2,23 2,25 b}
{4 13,5 2,7 1,8 1,10 1,13 5,14 1,15 6,16 6,19 16,20 1,22 2,25 b}
{4 16,5 1,6 4,7 1,10 1,14 4,15 5,16 10,19 15,20 1,23 3,25 b}
{4 17,12 1,14 2,15 8,16 1,18 2,19 17,20 3,22 1,23 2,25 b}
{2 1,4 12,6 1,9 1,11 2,12 1,13 2,14 5,15 1,16 7,19 12,22 2,23 3,25 b}
{4 8,10 1,12 1,13 1,14 10,15 1,16 5,18 1,19 14,23 1,25 b}
{4 10,7 2,12 1,13 1,14 4,15 6,16 2,18 1,19 9,20 1,23 3,24 1,25 bb}
{4 5,7 2,8 1,9 2,13 2,14 4,15 3,16 2,19 20,23 4,25 bb}
{0 1,4 1,6 3,7 1,9 1,11 1,13 2,14 5,15 4,16 3,18 1,19 17,24 1,25 bb}
{4 1,7 1,8 1,14 5,16 5,17 1,19 26,25 bb}
{4 3,5 1,6 1,7 1,9 3,12 1,14 7,15 4,16 2,17 1,19 24,23 1,25 bb}
{4 5,7 2,12 2,14 2,16 3,19 17,23 4,25 bb}
{4 6,5 1,7 3,9 1,10 1,12 1,14 5,16 6,18 1,19 23,22 1,25 bb}
{0 1,1 1,4 1,7 3,8 1,9 1,10 1,11 1,12 1,14 3,15 1,16 8,17 2,18 1,19 23,21 1,22 1,25 bb}
{1 1,4 2,7 2,9 1,13 1,14 8,16 2,17 1,18 1,19 19,25 bb}
{0 1,4 5,6 1,7 2,8 1,9 1,10 2,13 1,14 4,16 1,18 1,19 23,23 4,25 bb}
{4 16,10 2,12 5,14 4,16 4,19 10,23 2,25 bb}
{1 1,4 8,7 1,8 1,9 1,10 2,12 3,14 5,18 2,19 15,20 1,23 1,25 bb}
{0 2,4 5,6 1,8 2,10 1,12 4,14 3,15 1,16 6,17 1,19 17,25 bb}
{4 3,7 1,14 3,16 6,18 1,19 13,25 bb}
{4 6,6 5,7 2,12 2,14 2,15 1,16 10,17 2,19 16,21 1,25 bb}
{5 1,7 2,9 2,10 2,12 1,14 3,15 2,16 1,17 2,19 20,25 bb}
{4 1,5 1,7 2,10 3,12 3,14 2,16 2,18 2,19 32,20 1,23 1,25 bb}
{4 3,6 1,12 3,14 3,15 1,16 2,19 16,20 2,23 1,25 bb}
{4 6,6 2,7 2,9 2,12 3,13 2,14 9,15 4,16 4,18 2,19 17,20 1,25 bb}
{0 3,4 7,14 5,15 10,16 4,19 22,23 2,25 c}
{4 4,13 1,14 3,15 1,16 2,17 1,19 23,23 1,25 c}
{4 13,10 1,12 1,14 3,15 8,16 2,19 8,21 1,23 2,25 c}
{0 1,4 11,6 1,7 1,10 1,12 1,14 2,15 2,16 7,19 14,25 c}
{0 1,4 15,7 2,8 1,9 1,14 6,15 5,16 9,17 1,19 12,23 1,25 c}
{0 2,4 11,9 2,10 1,13 1,14 6,16 7,19 16,25 c}
{0 1,4 8,9 3,10 1,14 4,16 7,19 20,25 c}
{0 2,4 9,10 1,14 10,15 3,16 1,18 1,19 15,25 c}
{0 3,4 12,7 2,12 1,13 1,14 6,15 1,16 3,19 5,23 1,24 1,25 c}
{0 1,4 16,7 1,10 1,12 1,13 1,14 6,16 4,17 1,19 19,25 c}
{4 5,7 2,9 2,10 3,12 3,14 4,15 2,16 6,19 14,23 1,25 c}
{0 1,1 2,4 11,7 5,9 3,10 1,13 2,14 5,15 4,16 10,19 15,25 c}
{0 1,4 6,5 2,6 1,7 1,14 9,15 3,16 7,18 1,19 16,21 1,23 2,25 c}
{4 7,5 1,6 2,10 1,12 1,13 1,14 9,15 4,16 8,19 19,22 1,25 c}
{0 2,4 7,7 1,10 1,13 1,14 10,15 10,16 10,19 14,20 2,23 2,25 c}
{4 7,5 2,6 1,7 4,13 1,14 8,15 4,16 3,19 19,20 1,22 1,23 2,25 c}
{0 3,1 1,4 6,5 1,6 3,7 2,8 1,14 4,15 5,16 10,18 3,19 18,23 2,25 c}
{0 2,4 6,6 3,7 1,9 3,10 2,14 11,15 5,16 8,19 26,20 1,21 1,23 2,25 c}
{0 2,1 2,4 5,7 3,8 2,11 1,12 1,14 4,15 3,16 6,17 1,18 2,19 16,22 1,25 cc}
{0 2,4 6,9 3,12 1,14 2,15 1,16 7,19 13,21 2,24 1,25 cc}
{0 1,4 3,9 1,10 1,14 5,15 5,16 6,18 1,19 10,20 1,21 1,22 1,23 1,25 cc}
{0 4,4 5,7 2,13 1,14 2,15 3,16 7,18 2,19 15,21 2,23 2,25 cc}
{0 1,4 7,10 2,11 1,12 1,14 1,15 3,16 6,18 1,19 13,21 1,23 3,25 cc}
{0 1,4 5,12 1,14 4,15 3,16 3,19 19,23 2,25 cc}
{0 1,4 3,7 2,9 1,10 5,13 1,14 3,15 5,16 8,18 1,19 11,20 1,21 1,25 cc}
{1 2,4 11,7 3,8 1,9 1,11 2,14 6,15 9,16 7,19 9,25 cc}
{4 11,7 2,9 1,10 2,12 1,14 6,15 4,16 6,18 3,19 11,23 3,25 cc}
{0 1,1 1,2 1,4 9,7 4,9 1,10 1,12 1,14 2,15 10,16 5,18 1,19 14,20 1,23 1,25 cc}
{4 6,7 2,10 1,12 2,14 2,15 3,16 11,19 17,23 1,25 cc}
{1 2,4 12,7 1,10 1,12 1,14 3,15 1,16 7,19 21,25 cc}
{0 2,4 9,6 1,7 3,10 1,12 1,13 1,14 3,15 3,16 7,17 1,18 1,19 22,25 cc}
{0 1,4 14,6 1,7 2,10 1,11 1,12 1,13 1,14 4,15 1,16 9,18 2,19 18,25 cc}
{0 1,4 11,5 1,6 1,10 1,11 1,12 2,14 5,16 5,19 18,23 1,25 cc}
{1 1,4 10,7 2,8 1,12 1,14 6,15 2,16 6,17 1,19 15,20 1,22 1,23 1,25 cc}
{4 5,5 1,7 1,9 1,10 1,12 1,14 1,15 2,16 5,19 10,20 1,22 2,25 cc}
{4 4,9 1,11 1,12 2,13 2,14 7,16 5,19 16,25 cc}
{4 19,7 2,9 2,10 2,11 1,12 1,14 5,15 1,16 3,19 16,23 1,25 d}
{0 1,4 17,7 3,9 3,10 5,14 6,15 1,16 2,19 12,23 1,25 d}
{4 19,7 3,8 1,9 2,10 7,13 1,14 8,15 1,16 4,18 1,19 16,22 1,23 1,25 d}
{4 13,10 2,12 1,14 2,15 3,16 9,17 2,18 1,19 17,21 1,23 2,25 d}
{0 1,2 1,4 12,7 1,9 5,10 1,11 2,14 6,15 5,16 5,18 2,19 12,20 2,23 1,25 d}
{0 1,4 11,10 4,14 5,15 3,16 5,17 1,19 9,23 2,25 d}
{0 1,1 1,4 9,9 1,10 1,12 1,13 1,14 5,16 13,17 1,18 1,19 13,23 1,25 d}
{2 1,4 18,7 1,9 4,10 3,12 1,14 9,15 2,16 4,18 1,19 12,21 2,25 d}
{4 19,9 3,14 6,15 1,16 5,18 3,19 9,23 2,25 d}
{0 1,1 1,4 16,7 2,9 1,10 2,12 1,14 3,15 1,16 2,18 1,19 14,23 4,25 d}
{4 16,7 2,9 1,10 2,14 3,15 1,16 4,18 2,19 22,20 1,21 1,25 d}
{0 1,4 13,9 1,10 1,14 8,15 2,16 6,19 18,20 1,23 1,25 d}
{0 1,4 7,7 1,10 2,14 5,16 5,19 20,23 2,25 d}
{4 14,6 1,7 1,8 1,9 1,10 2,13 1,14 1,16 5,17 1,18 5,19 7,20 1,23 1,25 dd}
{1 1,4 8,7 1,9 2,11 1,12 1,15 1,16 7,17 2,18 1,19 18,20 2,25 dd}
{4 12,6 3,7 1,8 1,9 1,10 2,11 1,14 3,16 6,17 1,18 1,19 18,20 1,25 dd}
{4 11,6 1,7 1,9 1,10 1,14 4,16 9,19 9,25 dd}
{2 1,4 13,7 1,8 1,9 1,10 3,11 3,12 2,13 2,14 4,15 3,16 3,18 2,19 16,25 dd}
{1 1,4 23,5 1,7 4,9 1,10 5,11 2,12 3,13 1,14 7,15 2,16 2,18 3,19 13,24 1,25 dd}
{0 1,4 10,9 1,10 3,11 2,12 4,13 1,14 4,15 3,16 3,17 1,18 2,19 10,20 1,21 1,25 dd}
{4 3,6 1,7 2,9 1,12 2,13 1,14 4,15 3,16 1,17 1,18 1,19 12,25 dd}
{4 13,5 1,6 2,7 2,10 2,11 1,14 6,16 5,18 2,19 13,23 1,25 dd}
{4 10,5 1,7 2,8 1,9 1,10 4,11 1,12 1,13 1,14 3,15 1,16 6,18 1,19 16,25 dd}
{0 1,4 11,7 5,10 2,13 2,14 6,15 2,16 4,18 2,19 13,21 1,22 1,23 1,25 dd}
{0 1,2 1,4 8,7 3,9 1,10 1,12 3,14 6,15 1,16 8,18 2,19 14,23 1,25 dd}
{4 10,5 2,7 2,9 2,10 2,12 5,14 6,16 6,17 2,18 1,19 13,20 1,23 1,25 dd}
{1 1,4 9,7 3,9 1,10 2,11 1,12 2,14 6,16 2,17 1,19 10,25 dd}
{0 1,1 1,4 2,7 1,8 1,14 1,16 5,19 27,20 1,23 1,25 e}
{0 2,1 1,4 4,6 4,8 2,10 1,12 2,14 3,16 7,19 17,25 e}
{4 4,6 2,7 3,8 1,9 1,14 1,16 5,19 21,22 1,25 e}
{4 5,6 3,7 1,8 1,9 1,12 2,13 1,14 2,16 4,19 13,21 1,25 e}
{0 1,4 8,9 1,12 2,13 1,14 5,16 2,19 16,25 e}
{4 4,7 2,10 1,13 5,14 9,15 1,16 3,19 8,25 e}
{4 3,8 1,14 6,15 4,16 8,19 11,23 1,25 e}
{4 4,6 1,7 2,8 2,14 5,16 7,19 22,23 2,25 e}
{0 2,1 1,4 3,9 1,11 1,14 5,15 2,16 9,19 7,25 e}
{0 1,4 9,6 3,7 2,9 2,14 4,15 1,16 5,17 1,19 12,25 e}
{0 2,4 6,6 2,7 2,8 1,9 1,12 1,13 2,14 1,15 1,16 9,19 14,25 e}
{4 5,7 3,9 2,11 1,13 3,14 1,16 7,19 13,25 e}
{0 3,1 1,4 3,7 3,9 1,11 1,14 2,16 7,19 10,20 1,22 1,25 e}
{0 1,4 5,7 2,8 1,9 1,11 3,12 1,13 1,14 4,16 5,18 1,19 10,21 1,25 e}
{0 3,4 3,5 1,7 2,9 1,12 1,14 5,16 2,19 10,20 1,25 e}
{0 2,4 1,7 1,12 1,13 1,14 2,16 11,19 13,20 1,21 2,23 1,25 e}
{0 1,1 1,4 7,6 2,7 2,8 1,10 1,12 1,13 1,14 1,15 1,16 5,18 1,19 12,22 1,23 4,25 ff}
{0 2,4 4,6 1,7 1,8 1,9 1,14 5,15 4,16 5,18 1,19 17,23 2,25 ff}
{4 5,7 1,12 1,14 6,15 1,16 3,17 1,18 1,19 16,21 1,23 1,25 ff}
{4 18,6 1,7 2,13 2,14 8,15 3,16 5,18 3,19 13,20 1,23 1,25 ff}
{4 13,7 5,11 2,15 2,16 8,18 1,19 11,20 1,24 1,25 ff}
{1 1,4 8,7 3,10 1,12 2,13 1,14 5,15 6,16 4,18 2,19 9,23 3,25 ff}
{1 1,4 10,6 1,7 3,9 1,14 7,15 2,16 5,19 18,22 1,23 2,25 ff}
{0 2,4 15,5 1,7 2,9 3,13 1,14 2,15 1,16 4,19 7,25 ff}
{0 1,4 9,7 1,9 2,12 1,14 5,15 1,16 7,18 2,19 8,23 1,24 1,25 ff}
{0 1,4 8,7 1,9 2,10 1,13 2,14 7,15 1,16 8,19 13,25 ff}
{0 1,4 7,5 1,7 2,10 2,12 1,13 1,14 7,15 1,16 6,17 1,19 7,25 ff}
{4 8,6 2,7 2,9 1,10 1,12 1,14 3,15 1,16 7,19 11,20 1,23 2,25 ff}
{0 1,4 4,7 1,14 4,15 2,16 5,19 12,23 3,25 ff}
{1 1,4 14,6 1,7 1,9 2,12 4,13 1,14 4,15 2,16 5,17 1,18 1,19 8,23 2,25 ff}
{1 1,4 4,6 2,9 1,12 2,14 5,15 5,16 4,19 16,25 g}
{1 1,4 5,12 4,14 2,15 4,16 6,19 16,25 g}
{4 10,7 2,12 1,14 4,15 6,16 2,18 1,19 17,23 1,24 1,25 g}
{1 1,3 1,4 16,7 2,8 1,12 3,13 1,14 2,16 3,17 1,19 17,20 2,25 g}
{2 2,4 8,6 1,7 1,8 1,9 1,10 2,12 7,13 1,14 1,16 3,18 6,19 13,20 1,22 1,23 1,25 g}
{0 1,4 5,6 1,7 5,10 1,13 1,14 3,15 3,16 2,17 1,19 29,20 1,22 1,23 1,25 g}
{0 1,4 8,12 1,14 4,15 1,16 3,19 13,25 g}
{4 3,7 1,14 1,15 1,16 9,17 1,19 23,25 g}
{2 1,4 16,7 2,9 1,14 3,15 1,16 5,19 10,20 2,23 1,25 g}
{0 1,4 6,7 1,13 1,14 4,16 6,17 1,18 2,19 9,20 1,22 1,23 1,25 g}
{1 1,4 3,7 2,10 1,15 1,16 5,19 11,24 1,25 g}
{0 2,4 4,6 1,7 2,8 1,9 1,12 2,14 2,18 2,19 15,23 1,25 g}
{0 1,1 2,4 2,7 6,13 1,14 2,16 4,18 2,19 6,23 1,25 g}
{1 1,4 2,5 1,6 1,7 3,8 1,9 2,10 1,12 2,14 1,15 1,16 4,18 2,19 10,25 g}
{1 2,4 2,6 1,8 1,9 2,12 2,14 2,16 3,18 1,19 11,25 g}
{0 2,3 1,4 9,6 2,7 2,9 1,10 4,11 1,12 1,13 2,14 3,18 3,19 8,20 2,22 2,23 5,25 g}
{0 2,1 1,4 9,7 1,9 1,10 1,11 1,12 2,14 4,15 1,16 9,18 2,19 20,21 1,23 2,25 gg}
{0 1,3 1,4 5,7 2,9 3,10 1,11 2,12 2,14 6,16 6,17 1,19 19,20 1,25 gg}
{4 6,5 2,10 1,12 4,13 3,14 5,15 4,16 5,18 1,19 19,20 2,22 1,25 gg}
{4 10,7 2,10 1,12 2,13 1,14 5,15 3,16 4,18 1,19 18,20 1,25 gg}
{4 13,10 1,14 9,15 6,16 3,19 7,20 2,23 3,25 gg}
{4 5,7 1,10 2,11 1,13 1,14 3,15 2,16 9,19 12,23 4,24 1,25 gg}
{4 15,7 4,14 2,15 4,16 1,19 7,21 1,23 4,25 gg}
{4 14,7 1,8 1,10 4,13 3,14 4,15 1,16 4,18 1,19 12,20 1,23 2,25 gg}
{1 1,4 12,5 1,9 1,10 1,11 1,12 1,13 2,14 6,15 3,16 4,18 1,19 17,23 2,25 gg}
{4 2,7 3,8 1,9 1,10 1,11 1,12 1,14 6,15 1,16 8,19 18,21 1,23 3,25 gg}
{0 1,1 1,4 4,5 1,7 2,8 1,10 1,11 1,13 1,14 1,15 2,16 4,18 2,19 16,23 2,24 1,25 gg}
{4 15,7 2,9 4,10 1,11 3,14 1,15 6,16 6,19 16,23 6,24 1,25 gg}
{1 3,2 1,4 7,7 1,12 1,13 3,14 4,15 1,16 2,18 3,19 23,20 2,25 gg}
{0 1,4 11,7 4,10 2,11 1,12 1,13 3,14 7,15 1,16 3,18 2,19 15,25 gg}
{0 3,4 9,9 2,13 1,14 8,15 1,16 2,19 13,25 h}
{4 7,7 1,9 3,11 1,12 1,14 13,15 3,16 4,19 13,25 h}
{4 6,9 2,10 1,12 2,13 2,14 6,15 1,16 7,18 1,19 7,20 1,23 2,25 h}
{0 2,1 2,4 6,7 2,8 1,9 2,10 1,12 1,13 1,14 6,15 2,16 7,18 3,19 9,20 2,25 h}
{1 1,4 6,6 2,7 2,9 1,12 7,13 1,14 7,15 1,16 2,18 2,19 9,23 2,25 h}
{1 3,4 9,7 1,12 3,14 12,15 2,16 6,19 11,21 1,24 1,25 h}
{0 1,1 1,4 13,5 1,7 1,9 1,12 1,13 1,14 13,15 1,16 4,19 9,23 2,25 h}
{0 2,1 2,4 9,8 1,9 2,12 2,13 1,14 9,15 2,16 7,19 15,21 1,23 1,25 h}
{4 9,7 1,11 1,14 12,16 5,18 1,19 17,25 h}
{4 2,6 1,14 4,15 2,16 1,18 2,19 19,25 h}
{4 6,6 2,7 2,14 6,15 2,16 9,19 17,22 1,23 1,25 h}
{0 3,4 5,6 2,7 1,9 1,12 1,14 6,15 2,16 4,19 5,20 1,25 h}
{0 1,4 5,7 1,12 1,14 10,15 2,16 3,19 11,20 2,23 1,24 1,25 h}
{0 1,4 8,5 2,7 1,9 1,12 3,13 1,14 4,15 2,16 6,17 1,19 13,25 h}
{4 8,5 1,7 2,10 1,12 3,13 1,14 8,16 12,19 14,20 2,23 1,25 h}
{0 1,4 6,7 3,12 2,14 7,16 10,18 2,19 16,20 2,25 h}
{0 4,4 1,8 1,11 1,12 1,13 1,14 5,15 1,16 3,18 1,19 19,20 1,25 h}
{0 2,1 1,4 6,7 1,9 1,12 3,14 2,15 4,16 11,19 13,25 h}
{1 1,4 13,6 1,7 5,9 2,10 3,12 1,13 1,14 3,15 2,16 3,17 1,18 1,19 19,22 1,23 1,24 1,25 hh}
{1 2,4 14,7 2,10 1,11 1,12 2,13 3,14 2,15 1,16 7,19 18,22 1,25 hh}
{4 22,7 2,9 1,10 1,11 1,12 3,13 2,14 6,16 2,17 1,18 2,19 13,25 hh}
{0 1,4 16,6 3,7 1,8 1,9 1,10 1,12 1,13 2,14 5,15 1,16 3,18 7,19 16,23 3,25 hh}
{0 2,4 6,7 3,9 1,10 6,11 2,12 7,13 1,14 1,15 2,16 17,18 3,19 18,20 1,25 hh}
{4 13,7 2,8 1,10 3,11 1,12 1,13 5,14 2,15 3,16 6,18 2,19 23,23 2,25 hh}
{0 2,4 16,7 2,10 1,12 1,13 3,14 4,15 3,16 2,18 5,19 14,23 2,25 hh}
{4 11,7 7,10 1,11 1,12 3,13 3,14 4,15 7,16 3,18 3,19 14,23 2,25 hh}
{1 1,4 19,6 1,7 3,10 1,12 4,13 2,14 2,16 3,17 1,18 5,19 18,21 2,25 hh}
{1 1,4 9,7 1,8 2,10 1,13 4,14 2,15 3,17 1,18 5,19 15,21 1,23 1,25 hh}
{4 9,6 1,7 2,9 1,10 1,12 2,13 2,15 3,16 8,17 1,18 1,19 16,22 1,25 hh}
{4 8,11 1,13 1,14 8,15 1,16 2,19 11,20 1,25 hh}
{4 10,7 2,9 3,14 3,15 2,16 2,19 10,23 1,25 hh}
{4 7,5 1,9 1,12 1,13 2,14 2,15 6,16 1,18 1,19 11,22 2,25 hh}
{4 4,9 2,10 1,12 1,14 4,15 1,16 2,17 1,19 15,20 1,22 1,23 1,25 hh}
{0 1,1 1,4 7,7 1,9 1,13 2,14 7,15 4,16 1,18 1,19 10,20 1,23 1,25 hh}
{4 12,7 4,9 3,10 2,12 1,13 1,14 5,15 1,16 1,18 1,19 15,23 1,25 hh}
{0 1,4 13,7 1,9 2,10 2,13 1,14 5,16 2,18 2,19 15,25 hh}
{4 5,9 1,10 1,12 1,13 2,14 5,15 3,16 2,18 1,19 15,20 1,22 3,25 hh}
{4 8,5 1,6 1,7 2,9 1,10 1,11 1,12 1,14 1,15 2,16 3,18 4,19 14,22 1,23 1,24 1,25 hh}
{4 13,5 2,6 1,7 1,9 2,10 1,12 1,14 4,15 1,16 1,18 1,19 12,22 1,23 2,25 i}
{4 11,5 1,6 1,10 1,12 2,14 3,15 4,16 6,17 1,19 19,23 1,25 i}
{0 1,1 1,4 13,8 1,9 3,10 1,12 3,13 1,15 5,16 5,19 13,23 1,25 i}
{4 8,7 3,8 1,9 2,10 1,11 1,13 1,14 2,15 3,16 6,19 19,20 1,23 2,25 i}
{4 8,6 4,9 2,10 6,11 1,13 2,14 3,15 3,16 4,18 1,19 15,23 2,25 i}
{0 2,1 1,4 6,5 1,6 1,7 4,10 1,12 3,14 5,15 1,16 2,17 1,18 1,19 7,23 7,25 i}
{4 9,6 3,7 1,10 1,12 3,14 3,15 2,16 5,17 1,18 1,19 17,23 5,24 1,25 i}
{4 15,6 3,7 5,10 1,12 3,13 1,14 3,15 1,16 2,17 1,19 9,22 1,23 3,25 i}
{0 3,4 12,7 1,10 2,12 1,13 2,14 4,15 7,16 5,17 2,19 20,23 1,24 1,25 i}
{4 7,9 4,10 2,12 2,13 3,15 5,16 4,17 1,19 24,23 1,25 i}
{0 2,4 4,7 1,9 1,13 2,14 5,15 10,16 5,17 1,19 19,22 1,23 1,25 i}
{0 3,4 10,6 1,9 1,10 2,13 1,14 7,16 4,19 25,25 i}
{4 11,7 2,10 2,12 2,13 1,14 5,15 2,16 9,18 1,19 19,23 2,25 i}
{0 1,4 8,7 2,10 3,11 1,14 9,15 1,16 19,18 2,19 21,23 3,25 i}
{0 3,4 7,6 1,7 1,9 5,10 1,12 2,13 3,14 6,15 1,18 1,19 9,23 1,25 ii}
{1 2,7 4,9 1,11 1,12 2,13 1,14 5,15 2,16 3,18 1,19 7,20 1,23 2,25 ii}
{0 1,1 1,4 5,7 3,11 1,12 1,14 2,15 1,16 2,19 12,23 1,25 ii}
{0 1,1 1,4 8,6 3,7 2,10 1,12 2,13 4,14 3,16 3,18 1,19 22,25 ii}
{0 1,4 13,5 1,6 2,7 1,8 1,10 2,11 1,12 3,13 3,14 3,16 6,18 2,19 16,23 3,25 ii}
{4 15,6 3,7 2,10 1,11 1,12 1,14 1,15 1,16 4,18 1,19 19,25 ii}
{4 13,6 1,7 1,13 1,14 8,15 2,16 4,18 2,19 18,23 2,25 ii}
{4 9,5 1,7 1,10 4,14 6,15 1,16 7,18 1,19 9,20 1,23 2,25 ii}
{0 1,1 1,4 10,6 2,7 3,9 1,10 1,11 2,13 1,14 9,15 2,16 6,18 3,19 9,25 ii}
{1 1,4 15,7 3,12 2,14 8,15 1,16 5,18 1,19 13,20 1,23 1,25 ii}
{4 10,5 1,6 1,8 2,9 1,10 1,11 1,14 6,15 1,16 7,18 1,19 14,25 ii}
{0 1,1 2,2 1,4 9,7 1,9 2,10 1,12 2,13 1,14 5,15 1,16 8,18 1,19 19,20 1,22 1,25 ii}
{0 1,1 1,4 5,6 2,7 2,10 4,11 1,12 1,13 1,14 4,15 1,16 8,18 1,19 17,23 2,25 ii}
{0 1,1 1,4 14,6 2,11 1,12 1,13 3,14 12,15 1,16 4,18 6,19 18,25 ii}
{4 9,7 1,9 3,11 2,13 1,14 3,15 5,16 6,19 10,23 1,24 4,25 j}
{4 11,5 3,7 1,9 1,14 5,15 2,16 3,17 1,18 1,19 9,24 2,25 j}
{4 4,7 3,10 1,14 6,15 3,16 8,19 9,25 j}
{4 4,7 1,10 1,14 8,15 3,16 5,19 20,25 j}
{1 1,4 9,5 1,6 1,7 6,10 3,12 1,14 3,15 2,16 2,18 4,19 15,20 2,23 2,25 j}
{4 8,7 1,9 1,10 1,13 2,14 2,15 6,16 1,18 2,19 27,25 j}
{4 9,7 2,8 1,9 6,10 3,12 1,14 4,15 4,16 2,19 7,23 3,24 1,25 j}
{0 1,4 11,5 1,7 3,9 2,10 7,14 7,15 3,16 3,18 1,19 8,20 1,22 1,23 1,25 j}
{0 4,4 8,7 1,9 3,10 3,14 9,16 2,19 5,23 3,25 j}
{4 7,9 1,10 2,14 1,15 5,16 2,17 1,19 7,23 5,25 j}
{0 1,4 7,7 4,9 2,12 1,14 1,15 4,16 3,18 1,19 9,20 3,23 7,24 2,25 j}
{4 9,7 1,9 1,10 1,11 1,12 2,14 1,15 5,16 1,19 4,23 3,25 j}
{0 1,4 12,7 1,12 1,14 1,15 3,16 2,19 17,20 2,23 2,25 j}
{0 1,1 1,4 2,7 4,9 1,10 2,11 1,12 1,13 1,14 4,15 2,16 6,19 10,23 1,25 j}
{0 3,4 5,7 5,9 2,10 1,12 3,13 1,14 4,15 3,17 1,18 2,19 14,25 j}
{0 1,1 1,4 6,7 2,14 5,15 4,16 6,18 1,19 13,20 1,21 1,25 jj}
{0 1,1 1,4 5,5 1,7 1,9 1,11 1,13 1,14 3,15 1,16 9,19 12,20 1,23 1,25 jj}
{0 1,4 3,5 1,6 2,7 2,11 1,12 3,13 1,14 1,16 1,19 14,20 2,25 jj}
{4 2,6 1,7 3,9 2,12 1,13 1,14 3,15 2,16 8,19 16,22 2,25 jj}
{4 1,5 1,6 1,7 1,8 1,15 1,16 1,19 22,22 2,25 jj}
{0 1,1 1,4 8,5 1,7 1,11 2,12 2,14 5,15 1,16 6,18 3,19 16,22 1,23 1,25 jj}
{0 1,4 6,5 1,9 1,12 1,15 7,16 5,18 1,19 17,23 1,25 jj}
{4 6,5 1,6 2,7 1,8 1,9 1,11 4,14 4,15 5,16 10,19 17,20 1,23 1,25 jj}
{0 2,1 1,4 5,6 1,7 1,8 1,11 1,12 2,14 6,16 3,18 3,19 15,25 jj}
{0 1,1 2,4 6,7 3,10 1,11 1,12 1,14 6,16 2,18 1,19 18,20 1,23 1,25 jj}
{0 5,4 9,9 1,12 1,14 6,15 1,16 3,18 4,19 10,20 2,25 jj}
{0 3,4 7,7 1,10 1,13 4,14 2,15 2,16 2,19 10,23 3,25 jj}
{1 1,4 7,6 2,7 3,8 1,11 1,14 3,15 1,16 2,19 15,20 1,21 2,23 1,25 jj}
{0 1,1 1,4 4,5 1,6 1,7 3,9 1,14 6,16 15,18 1,19 12,21 1,25 jj}
{0 1,1 1,4 9,5 3,6 3,7 2,9 1,13 1,14 2,15 6,16 6,19 11,20 1,23 2,25 jj}
{4 5,6 1,7 3,9 2,14 6,15 3,16 6,19 12,23 3,25 k}
{1 2,4 3,5 1,7 3,9 1,10 1,12 2,14 3,15 4,16 6,18 3,19 13,20 1,23 1,25 k}
{4 6,7 3,10 1,12 1,13 1,14 2,15 3,16 3,18 1,19 15,20 1,23 1,24 2,25 k}
{4 2,7 3,11 1,12 3,14 5,15 3,16 3,19 13,20 2,23 5,24 1,25 k}
{0 1,1 2,4 7,7 2,10 1,11 1,12 2,14 1,18 9,19 15,20 1,25 k}
{4 5,5 2,7 1,9 1,10 4,12 2,13 1,14 2,15 3,16 1,18 2,19 13,20 3,23 2,25 k}
{0 1,1 1,4 5,5 1,7 3,8 1,9 1,10 1,11 1,12 2,13 1,14 4,15 2,16 2,18 1,19 9,23 2,25 k}
{4 7,6 2,7 2,8 1,9 1,10 2,12 1,14 5,15 3,16 2,18 3,19 12,22 1,23 2,25 k}
{0 1,1 1,4 4,5 1,7 4,10 2,11 2,12 2,13 1,14 4,15 2,16 5,19 5,20 1,23 3,25 k}
{7 5,8 1,9 2,11 1,13 1,14 2,15 6,16 1,19 5,20 1,23 3,25 k}
{4 10,7 6,10 2,12 5,14 3,15 4,16 6,19 8,23 2,24 1,25 k}
{4 4,7 3,9 3,11 1,12 3,14 5,15 5,16 6,19 17,23 1,25 k}
{4 5,7 3,9 1,10 2,11 1,12 2,14 5,15 1,16 3,19 13,20 1,22 1,25 k}
{0 1,4 7,7 4,9 1,10 1,12 2,14 5,15 1,16 3,18 1,19 14,23 3,25 k}
{0 2,1 1,4 11,5 1,7 4,9 3,10 3,14 1,15 6,16 4,19 12,23 2,25 k}
{4 10,5 1,6 1,7 5,10 1,12 1,13 1,14 4,16 2,18 1,19 11,23 2,25 k}
{1 2,4 8,7 6,9 1,10 4,11 1,12 2,14 1,15 2,16 3,18 1,19 9,25 k}
{4 8,6 1,10 1,11 1,12 3,13 1,14 1,15 1,16 4,18 2,19 10,20 1,22 1,23 2,25 k}
{4 9,6 1,7 2,10 1,12 1,13 1,14 2,15 3,16 2,19 15,23 1,25 k}
{0 3,4 2,6 2,9 1,14 2,16 7,19 10,20 3,25 l}
{4 2,12 3,14 4,15 1,16 6,18 2,19 21,22 1,25 l}
{0 2,4 7,6 1,9 3,11 1,14 7,15 8,16 9,18 2,19 13,23 2,25 l}
{4 8,6 1,14 4,16 11,18 1,19 13,25 l}
{4 5,9 1,13 3,14 5,15 5,19 18,22 1,23 1,24 1,25 l}
{0 1,4 4,6 1,12 1,13 1,15 1,16 4,19 13,25 l}
{0 1,4 9,7 4,11 1,12 1,13 2,14 2,16 5,18 2,19 11,23 5,25 l}
{4 5,7 2,10 1,12 2,13 1,14 7,15 2,18 3,19 12,23 1,25 l}
{4 9,5 1,7 1,10 1,13 1,14 5,15 3,16 2,17 1,18 1,19 18,25 l}
{4 14,7 2,9 1,10 1,12 3,14 5,15 4,16 5,18 2,19 15,20 1,23 2,25 l}
{4 6,7 1,8 1,9 1,10 1,14 2,15 4,16 7,17 1,18 2,19 11,20 1,23 2,25 l}
{0 2,1 2,2 1,4 5,7 2,9 2,14 1,15 8,16 3,18 1,19 10,20 2,23 1,24 1,25 l}
{0 3,4 14,5 2,7 2,12 1,14 4,15 4,16 2,18 1,19 17,22 1,23 2,25 l}
{4 13,11 1,12 3,13 1,14 2,15 4,16 1,18 2,19 14,20 1,23 1,25 l}
{4 4,7 1,12 1,13 2,14 3,16 3,18 1,19 25,25 ll}
{0 2,1 1,4 3,6 1,9 2,10 1,12 1,14 3,15 1,16 8,18 1,19 19,23 3,25 ll}
{1 1,4 1,7 8,8 1,10 1,11 3,12 1,14 4,15 1,16 7,18 1,19 16,20 1,23 1,25 ll}
{4 8,6 1,7 2,9 1,10 1,11 2,14 6,16 8,18 1,19 12,22 1,25 ll}
{4 4,7 6,11 4,14 4,16 5,18 2,19 18,23 1,25 ll}
{0 1,4 7,7 7,9 1,11 1,13 3,14 3,16 2,17 1,19 16,23 1,25 ll}
{4 9,7 5,10 1,11 4,12 1,13 3,14 1,15 1,16 2,18 3,19 13,22 1,25 ll}
{1 2,4 2,6 1,7 7,10 1,11 2,13 3,14 6,15 1,16 7,19 10,25 ll}
{0 1,4 4,5 1,7 4,9 2,11 1,12 1,13 5,14 2,15 2,16 7,19 20,25 ll}
{1 1,4 5,7 3,9 1,13 2,14 5,15 2,16 5,19 18,25 ll}
{1 1,4 6,7 3,8 1,9 3,11 3,12 2,13 2,14 4,15 3,16 6,18 2,19 12,25 ll}
{4 6,7 4,8 1,11 1,13 1,14 3,15 4,16 6,18 1,19 18,22 1,23 3,24 1,25 ll}
{0 1,4 4,7 7,9 1,10 1,11 1,12 1,13 1,14 10,15 1,16 6,18 1,19 14,23 4,25 ll}
{0 2,4 1,7 2,9 2,14 10,15 3,16 6,18 1,19 23,25 m}
{4 2,9 1,14 11,15 7,16 4,18 1,19 14,23 1,25 m}
{1 1,4 3,7 1,9 1,10 1,12 1,13 1,14 12,15 4,16 7,19 11,22 1,23 4,25 m}
{4 1,5 2,6 1,7 2,10 2,14 15,15 5,16 5,19 7,25 m}
{4 8,7 1,12 1,13 2,14 7,15 5,16 2,19 7,20 1,23 4,25 m}
{0 1,4 1,6 1,7 1,10 1,13 1,14 17,15 1,16 6,17 1,18 1,19 14,22 1,23 3,25 m}
{0 1,4 4,6 2,14 4,15 4,16 2,18 2,19 16,22 1,25 m}
{4 3,5 1,7 3,14 6,15 3,16 7,17 1,19 14,22 1,25 m}
{0 1,4 2,5 1,6 1,9 2,14 3,15 3,16 7,19 20,21 1,25 m}
{4 1,6 2,9 1,12 1,14 1,15 2,16 10,17 1,19 19,22 1,24 1,25 m}
{1 1,4 8,7 1,9 1,10 1,14 5,15 2,16 5,17 1,18 2,19 14,20 2,22 1,23 3,24 1,25 m}
{4 5,5 1,7 2,9 1,10 2,14 3,15 2,16 2,18 2,19 17,20 2,22 2,25 m}
{4 7,6 1,7 2,9 1,10 1,13 1,14 3,16 1,17 1,19 18,23 1,25 m}
{0 1,4 5,7 4,10 1,12 2,13 1,14 8,15 4,16 3,18 1,19 15,23 1,25 m}
{4 11,7 3,9 1,10 3,12 2,13 1,14 5,15 10,16 7,18 1,19 11,25 mm}
{4 9,7 3,10 1,13 1,14 6,15 2,16 9,17 2,18 1,19 12,24 2,25 mm}
{4 10,6 1,7 4,10 1,12 1,13 1,14 4,16 2,18 3,19 26,25 mm}
{4 9,6 1,7 2,9 1,10 3,13 3,14 3,15 1,16 7,19 9,23 1,25 mm}
{1 1,4 5,7 2,9 2,12 4,13 4,14 5,16 10,18 4,19 38,20 1,25 mm}
{1 1,4 14,7 2,10 4,13 1,14 5,15 2,16 6,18 3,19 13,20 2,23 1,25 mm}
{4 20,7 2,9 1,10 3,12 1,13 1,14 5,15 2,16 4,17 1,18 1,19 13,25 mm}
{0 1,4 6,5 1,6 2,7 2,10 2,12 1,14 1,15 1,16 3,17 1,18 2,19 21,21 1,25 mm}
{1 1,4 5,7 1,13 2,14 1,15 3,16 11,18 1,19 19,20 1,21 1,22 1,24 3,25 mm}
{1 1,4 14,7 2,9 1,13 2,15 2,16 4,17 1,18 2,19 19,25 mm}
{4 10,7 1,10 2,14 5,15 3,16 3,17 1,18 2,19 15,20 2,25 mm}
{4 5,7 4,10 1,13 1,14 8,15 3,16 11,18 1,19 24,25 mm}
{4 12,7 4,9 1,11 1,12 3,14 3,15 1,16 7,18 1,19 9,20 1,23 1,25 mm}
{4 13,7 2,10 4,12 2,14 8,15 1,16 6,17 1,18 1,19 13,20 1,25 mm}
{4 6,11 1,14 3,15 5,16 4,18 1,19 12,20 2,25 n}
{4 13,6 1,7 1,10 1,14 2,16 2,19 10,20 1,25 n}
{4 17,7 3,9 1,10 1,12 2,14 1,16 8,19 7,20 2,23 2,24 1,25 n}
{0 1,4 11,6 1,7 2,9 2,10 1,12 1,13 3,14 5,15 2,16 6,18 1,19 9,23 1,25 n}
{0 1,4 7,7 2,9 1,11 1,12 2,14 8,15 1,16 8,18 1,19 9,20 1,21 1,22 1,23 2,25 n}
{0 3,1 1,4 7,7 1,9 1,12 1,13 3,14 6,16 11,17 1,19 7,20 1,24 1,25 n}
{4 12,6 2,7 1,13 2,14 5,15 2,16 7,19 5,20 1,25 n}
{1 1,4 9,7 1,13 1,15 1,16 6,18 2,19 5,23 1,24 1,25 n}
{4 13,7 1,11 1,14 2,15 2,16 5,17 3,19 7,22 1,24 1,25 n}
{4 9,7 1,13 1,14 3,16 15,19 8,23 1,25 n}
{4 11,9 2,12 3,14 2,15 1,16 6,17 1,19 11,21 1,23 1,25 n}
{0 1,4 4,6 1,7 2,10 1,14 2,16 10,17 2,19 13,20 1,23 1,25 n}
{2 1,4 16,5 1,7 2,8 1,10 2,12 1,14 1,16 2,17 1,19 17,20 1,25 n}
{0 1,4 12,6 2,7 7,8 1,9 1,11 1,12 1,13 2,14 5,15 1,16 3,18 1,19 4,23 2,25 nn}
{2 1,4 7,7 4,10 1,12 2,13 2,14 8,15 3,16 4,19 13,20 1,23 2,25 nn}
{4 13,6 1,7 4,11 1,14 1,15 4,16 2,19 11,23 3,25 nn}
{1 1,4 13,6 1,7 2,9 1,10 1,11 1,12 1,13 1,14 1,15 2,16 3,18 3,19 15,23 1,25 nn}
{4 15,6 1,7 3,8 1,9 2,11 1,12 2,14 5,15 1,19 12,21 1,22 1,24 1,25 nn}
{0 1,1 1,4 7,7 4,10 1,12 1,13 1,14 2,15 4,16 6,18 1,19 10,22 1,25 nn}
{0 1,4 10,6 3,7 2,13 3,14 4,15 5,16 2,18 2,19 14,25 nn}
{0 1,4 10,6 1,7 2,9 1,10 1,13 1,14 5,15 1,16 5,19 22,20 1,25 nn}
{4 7,6 2,7 2,10 1,11 2,14 7,15 2,16 4,17 1,18 3,19 19,23 2,25 nn}
{4 15,7 2,9 1,14 1,15 2,16 7,18 3,19 10,23 2,25 nn}
{4 20,6 1,7 1,8 1,9 1,10 3,11 3,12 1,13 1,14 5,15 7,16 3,19 6,23 5,25 nn}
{4 13,6 1,7 5,8 1,9 4,12 1,13 2,14 3,15 2,16 2,18 4,19 13,20 1,21 1,23 1,25 nn}
{4 16,7 2,9 1,10 2,13 1,14 4,15 2,16 3,18 2,19 6,22 1,23 2,25 nn}
{1 2,4 6,5 1,7 1,8 1,9 1,13 1,14 3,16 4,18 4,19 14,22 1,23 1,25 p}
{0 2,4 10,6 1,8 2,9 1,12 2,13 1,14 3,16 4,18 2,19 15,20 1,22 1,25 p}
{4 9,6 1,9 1,11 1,12 3,14 1,15 1,16 4,19 12,22 1,23 3,25 p}
{0 1,1 1,4 14,5 1,11 1,12 1,14 4,15 5,16 7,18 4,19 10,25 p}
{1 2,4 4,6 1,7 3,14 4,15 1,16 4,18 1,19 17,21 1,23 1,25 p}
{0 1,1 1,4 2,14 4,15 2,16 1,19 11,25 p}
{4 4,9 1,10 2,11 1,12 2,16 9,19 16,20 3,22 1,25 p}
{0 1,4 3,5 1,6 2,7 4,10 2,12 3,14 5,15 1,16 3,17 1,18 2,19 19,21 1,25 p}
{4 1,7 2,9 1,11 1,14 7,15 3,16 3,18 2,19 18,20 1,21 1,23 1,25 p}
{0 2,1 2,4 1,5 1,6 1,7 1,9 1,10 2,12 1,14 4,15 3,16 4,18 4,19 17,20 2,23 2,25 p}
{4 1,6 2,7 1,9 1,10 1,12 1,14 1,15 3,16 4,18 1,19 15,21 1,22 1,23 3,25 p}
{1 1,4 3,6 1,7 2,9 1,14 2,15 1,16 4,18 1,19 19,21 1,22 1,25 p}
{1 2,4 1,7 3,11 2,14 3,15 2,16 6,18 1,19 18,20 1,21 1,23 2,25 p}
{4 7,5 1,6 1,7 2,14 2,16 7,19 17,25 p}
{4 10,12 1,14 2,15 1,16 2,19 14,20 1,23 3,25 p}
{4 4,5 1,12 1,14 5,15 4,16 2,18 2,19 18,25 p}
{0 1,4 1,7 2,10 1,12 1,14 1,15 1,16 8,19 20,20 1,25 p}
{0 2,4 6,6 1,7 1,9 1,12 1,13 1,14 7,15 6,16 2,17 1,18 2,19 16,23 2,25 p}
{4 1,5 1,6 1,11 2,12 1,14 2,15 2,16 6,18 5,19 12,24 1,25 p}
{0 1,1 1,4 3,5 1,7 1,8 2,14 2,15 2,16 5,18 1,19 17,25 p}
{4 5,5 2,9 1,12 3,13 2,14 7,15 2,16 5,17 1,18 1,19 10,20 2,25 pp}
{4 5,5 1,9 1,10 1,13 1,14 2,15 2,16 3,17 1,19 14,21 1,23 1,24 2,25 pp}
{4 5,11 1,12 1,13 1,14 7,15 7,16 2,19 11,25 pp}
{4 11,7 3,8 1,9 2,11 1,12 1,14 3,15 2,19 9,22 1,24 1,25 pp}
{0 1,4 7,7 1,8 1,9 1,12 1,13 2,14 4,15 6,16 1,19 9,20 1,23 7,25 pp}
{0 1,4 3,7 2,9 3,12 2,13 5,14 4,15 7,16 1,19 18,22 1,23 4,25 pp}
{0 2,4 8,6 1,7 1,9 3,10 4,12 2,13 3,14 1,15 3,16 2,19 14,25 pp}
{4 1,7 2,10 1,11 1,12 1,13 1,14 6,15 4,16 4,19 23,20 1,23 1,25 pp}
{1 2,4 1,8 2,9 1,12 1,14 4,15 3,16 5,18 1,19 25,20 2,25 pp}
{4 6,7 1,9 1,12 2,13 3,14 6,15 2,16 3,19 20,23 2,25 pp}
{4 13,6 1,7 1,10 1,11 2,12 1,14 1,15 4,19 10,20 1,21 1,22 1,23 1,25 pp}
{0 1,4 4,7 1,9 1,12 3,13 1,14 2,15 1,19 7,22 1,23 2,25 pp}
{4 8,7 2,9 1,13 2,14 1,15 4,16 3,19 8,23 5,24 1,25 pp}
{4 10,7 2,10 2,13 2,14 7,15 3,16 1,18 1,19 13,20 2,23 3,25 pp}
{0 1,1 1,4 5,7 2,14 2,16 4,19 20,25 pp}
{0 1,4 3,7 1,11 1,13 2,14 7,15 1,16 3,19 13,23 2,24 1,25 pp}
{1 1,4 4,7 1,13 1,14 2,15 4,16 5,18 1,19 12,23 3,25 pp}
{1 1,4 4,5 1,7 3,8 1,12 1,13 1,14 8,15 5,16 7,19 11,22 1,25 pp}
{4 6,9 1,12 1,13 1,14 6,15 1,16 3,18 1,19 10,22 1,23 1,25 pp}
{4 6,9 1,12 1,14 2,15 3,16 4,19 12,24 2,25 pp}
{4 4,7 1,12 1,13 1,14 5,15 6,16 1,18 1,19 17,23 1,24 2,25 pp}
{0 1,1 1,4 7,6 1,11 1,12 2,14 4,15 5,16 4,18 1,19 9,23 2,25 pp}
{4 6,9 1,12 2,14 4,15 4,16 3,19 13,20 1,25 q}
{4 1,7 2,11 1,14 8,15 1,16 4,19 14,25 q}
{1 2,4 2,5 2,7 5,10 2,11 1,13 2,14 2,16 3,18 2,19 12,21 1,25 q}
{4 6,7 3,10 1,11 2,14 5,15 1,16 5,18 2,19 9,21 1,22 1,25 q}
{4 6,6 1,7 1,9 2,10 1,14 3,15 1,16 4,18 2,19 5,22 1,23 1,25 q}
{2 1,4 5,7 3,9 1,14 3,15 2,16 3,18 2,19 10,20 1,25 q}
{4 2,7 3,9 1,14 7,16 5,18 1,19 11,20 1,21 1,25 q}
{4 2,7 8,10 1,11 1,13 1,14 4,15 2,16 5,19 9,20 1,21 1,24 1,25 q}
{0 1,4 9,6 1,7 2,9 2,10 1,13 1,14 3,15 1,16 4,19 11,23 1,25 q}
{0 1,4 8,10 1,12 2,14 4,15 2,16 10,18 2,19 14,25 q}
{4 8,6 1,7 3,9 1,11 1,12 3,14 6,16 4,19 9,20 1,25 q}
{2 1,4 5,6 1,7 2,9 1,14 5,16 5,18 4,19 13,23 1,25 q}
{2 2,4 3,5 1,6 3,7 3,12 1,14 3,16 3,18 3,19 8,20 1,23 1,25 q}
{0 1,4 7,5 1,6 1,7 3,14 5,15 2,16 1,18 1,19 8,23 1,25 q}
{1 1,4 15,7 1,8 1,10 2,11 1,14 3,15 3,16 2,19 10,23 1,25 q}
{0 1,4 3,7 4,9 1,11 1,12 1,14 3,16 4,18 1,19 15,20 1,21 1,25 r}
{0 2,1 1,4 4,6 1,7 6,8 1,9 1,12 1,14 4,16 4,18 3,19 19,23 3,25 r}
{4 10,7 4,8 1,10 4,11 1,12 1,14 3,15 1,16 1,18 1,19 18,20 2,23 1,25 r}
{0 1,1 1,4 4,7 4,8 1,10 1,11 2,12 1,13 2,14 3,15 2,16 4,18 1,19 10,25 r}
{4 3,7 1,9 1,10 2,12 4,13 1,14 7,16 3,18 2,19 18,20 2,21 1,22 1,23 1,25 r}
{4 7,6 1,8 2,10 3,11 2,12 7,13 1,14 6,16 3,19 17,25 r}
{4 8,6 1,9 1,10 2,12 1,13 2,15 1,16 1,18 4,19 13,20 1,22 1,25 r}
{0 1,4 10,5 1,7 1,12 3,13 2,14 4,16 2,18 1,19 14,20 5,25 r}
{1 1,4 12,5 1,6 1,7 2,9 1,12 3,13 1,14 4,15 3,16 8,18 4,19 16,21 2,23 2,24 3,25 r}
{1 2,4 5,7 3,8 1,9 1,10 1,12 4,14 2,15 1,16 6,18 4,19 17,23 2,24 1,25 r}
{4 2,5 1,6 1,7 1,11 2,14 4,15 1,16 3,19 19,21 1,23 1,25 r}
{0 2,1 2,4 2,5 1,6 2,7 4,11 2,12 2,14 6,16 7,18 1,19 18,21 2,25 r}
{4 3,5 1,6 1,7 10,12 2,14 2,15 1,16 7,18 2,19 23,21 1,25 r}
{4 7,6 1,7 7,10 1,11 2,14 7,16 2,18 5,19 21,21 1,23 3,25 r}
{0 1,4 1,5 1,6 2,12 1,13 4,14 8,15 1,16 1,19 18,20 2,23 1,25 rr}
{4 3,5 1,8 1,12 3,13 2,14 7,15 5,16 2,18 1,19 14,20 1,24 1,25 rr}
{4 9,7 2,9 1,10 2,12 1,14 4,19 21,25 rr}
{0 2,4 7,7 3,10 4,13 1,14 5,16 6,19 22,25 rr}
{4 10,7 2,10 6,12 4,14 7,15 1,16 1,18 1,19 18,21 1,25 rr}
{7 2,9 4,10 1,11 1,14 3,16 7,19 23,21 1,25 rr}
{4 5,7 1,10 2,14 8,16 1,19 16,25 rr}
{4 9,10 2,13 1,14 9,19 23,20 3,23 3,25 rr}
{4 6,7 3,9 1,10 2,11 1,12 2,14 6,15 2,18 2,19 16,23 2,25 rr}
{1 2,4 8,6 1,9 1,10 1,12 1,14 6,15 3,16 3,19 14,25 rr}
{4 4,7 1,10 3,11 1,12 3,14 3,15 1,16 4,18 1,19 19,20 2,23 1,25 rr}
{4 6,7 1,10 2,12 1,14 6,15 2,16 3,19 30,22 1,23 1,24 1,25 rr}
{4 8,10 1,14 4,15 1,16 2,19 17,20 1,25 rr}
{0 1,4 8,7 3,9 1,10 5,11 1,13 1,14 5,19 16,25 rr}
{4 12,6 1,7 1,10 3,12 2,14 5,15 3,16 4,19 15,23 1,24 1,25 ss}
{0 2,4 15,6 4,7 2,10 2,14 1,15 2,16 3,18 2,19 9,24 1,25 ss}
{0 1,4 17,7 1,9 2,10 3,12 1,14 2,15 4,16 2,18 1,19 9,20 2,23 1,25 ss}
{4 18,6 1,7 1,14 4,16 1,18 2,19 5,20 2,23 1,25 ss}
{0 2,4 14,6 1,7 1,12 2,14 4,15 1,16 2,18 1,19 7,20 2,23 2,25 ss}
{0 1,1 1,4 16,6 1,7 1,10 3,12 1,13 1,14 4,15 3,16 3,18 1,19 10,20 1,23 1,25 ss}
{4 8,10 1,12 1,13 1,14 2,15 8,16 2,19 21,23 1,25 ss}
{4 10,6 2,12 1,14 7,15 10,16 2,19 4,20 3,23 6,24 1,25 ss}
{1 1,4 9,6 1,7 2,8 1,9 2,12 2,14 8,15 12,16 3,18 1,19 15,23 1,25 ss}
{4 3,6 2,7 3,10 4,12 3,13 1,14 8,15 2,16 3,19 18,25 ss}
{4 10,6 1,7 2,14 9,16 4,19 19,20 2,22 1,23 1,25 ss}
{4 5,6 1,7 2,10 1,11 1,12 1,13 1,14 6,15 2,16 6,19 18,25 ss}
{1 1,4 7,10 1,13 1,14 5,15 2,19 13,20 3,23 1,25 ss}
{0 3,4 11,7 3,10 1,14 6,15 1,16 5,19 11,22 1,23 1,25 ss}
{2 1,4 14,9 1,12 2,13 2,15 2,16 4,18 1,19 11,20 1,22 2,23 2,25 ss}
{4 10,7 3,9 1,12 1,13 2,14 9,15 4,16 1,18 1,19 11,23 2,25 t}
{4 8,7 1,10 3,14 6,16 2,17 2,18 4,19 11,23 1,24 1,25 t}
{4 12,7 3,13 2,14 4,15 1,16 6,17 1,18 1,19 13,20 1,23 2,25 t}
{4 6,7 1,9 3,13 1,14 6,15 1,16 3,17 1,19 16,22 1,25 t}
{0 1,4 9,7 1,9 2,14 4,16 11,17 1,19 12,22 2,25 t}
{4 9,7 1,9 1,12 2,14 2,15 2,16 6,19 21,22 1,25 t}
{4 8,7 2,10 2,12 1,14 6,15 2,16 2,17 1,18 1,19 15,25 t}
{4 12,7 1,9 1,14 2,15 2,16 7,18 1,19 13,25 t}
{4 9,9 1,10 2,13 1,14 4,15 4,16 1,17 1,19 10,25 t}
{0 1,4 10,7 2,9 1,10 1,12 1,14 3,16 7,17 1,18 1,19 16,25 t}
{4 4,5 1,7 4,10 1,12 3,13 2,14 4,15 1,16 2,18 1,19 20,25 t}
{4 13,9 1,12 1,14 3,16 5,18 1,19 12,25 t}
{0 1,1 1,4 3,7 5,9 2,12 2,14 4,16 6,18 2,19 19,20 2,25 t}
{4 3,5 1,6 3,7 1,9 1,10 1,11 1,12 1,13 1,14 4,15 1,16 4,19 14,23 2,25 tt}
{1 1,2 1,4 9,6 1,7 1,11 1,12 2,13 2,14 8,15 1,18 2,19 11,23 1,25 tt}
{4 14,6 1,7 2,13 1,14 2,15 1,16 5,18 2,19 13,21 1,23 3,25 tt}
{4 7,6 2,8 1,10 1,12 3,14 1,16 4,18 1,19 14,20 2,25 tt}
{2 1,4 13,5 1,6 2,7 1,8 1,10 1,12 3,13 2,14 1,15 1,16 2,18 4,19 12,20 1,23 1,25 tt}
{1 1,4 5,7 3,10 2,12 1,13 1,14 5,15 1,16 7,18 2,19 14,23 1,25 tt}
{4 4,5 1,6 1,10 1,12 3,14 4,15 1,16 4,18 2,19 10,25 tt}
{0 3,4 8,8 1,9 2,10 1,12 2,14 4,15 2,16 1,19 11,23 1,25 tt}
{1 2,4 6,7 2,12 1,14 2,15 2,16 7,18 2,19 14,25 tt}
{0 5,4 8,9 4,10 1,11 1,12 3,13 2,14 7,15 1,16 9,19 13,25 tt}
{4 13,5 1,7 2,12 1,14 2,15 2,16 4,19 15,25 tt}
{2 1,4 9,6 1,7 4,9 2,10 3,12 1,13 1,14 6,16 1,18 1,19 13,25 tt}
{0 1,2 1,4 13,7 3,10 1,11 1,13 1,14 5,15 2,16 3,18 1,19 11,21 1,23 2,25 tt}
{0 1,4 4,7 2,8 2,12 1,13 4,14 2,15 1,16 3,17 1,18 2,19 10,20 1,25 tt}
{1 1,4 8,7 1,8 1,9 1,10 1,12 2,15 1,16 4,18 1,19 9,20 2,23 1,25 tt}
{0 1,1 1,4 8,6 1,7 5,8 3,9 1,10 1,11 1,12 1,14 3,16 3,19 8,20 1,25 tt}
{2 1,4 5,7 1,9 1,15 1,16 7,18 2,19 7,25 u}
{0 1,2 1,4 8,7 2,9 1,13 1,14 4,15 4,16 3,18 1,19 10,25 u}
{2 1,4 6,7 1,9 1,10 1,11 1,12 1,14 1,15 2,16 4,18 1,19 13,23 1,24 1,25 u}
{0 2,2 1,4 6,6 2,7 6,14 3,16 7,19 4,20 1,21 1,25 u}
{4 4,6 1,7 2,8 1,9 2,10 1,14 4,15 1,16 4,17 1,19 10,25 u}
{1 1,4 8,6 1,7 4,9 3,12 2,14 3,15 3,16 4,19 8,23 2,24 3,25 u}
{0 1,4 9,7 3,10 2,11 1,12 1,14 4,16 5,18 1,19 8,20 1,22 2,23 1,25 u}
{0 1,4 9,6 1,7 1,9 1,12 2,14 4,15 5,16 7,18 2,19 7,22 1,23 1,24 2,25 u}
{4 4,6 1,7 1,9 1,12 1,14 7,16 5,18 2,19 16,23 1,25 u}
{0 1,4 11,14 7,15 2,16 5,18 1,19 12,25 u}
{4 2,5 1,6 1,10 1,12 3,13 3,14 4,16 7,19 9,25 u}
{1 1,4 7,12 1,14 2,15 1,16 7,17 1,18 3,19 5,22 3,25 u}
{0 1,4 6,7 2,10 1,12 4,14 2,15 1,16 6,17 1,18 1,19 6,20 1,21 2,25 u}
{0 2,4 4,5 1,10 2,12 1,14 1,15 1,16 4,19 14,25 u}
{1 1,2 1,4 7,14 9,15 3,16 9,17 1,18 1,19 15,22 1,25 u}
{1 1,4 5,5 1,10 1,12 1,14 3,15 2,16 3,19 20,23 1,25 uu}
{4 10,9 1,11 1,12 1,14 5,15 4,16 3,19 10,25 uu}
{4 3,7 1,9 3,14 3,15 1,16 9,19 13,21 1,23 1,25 uu}
{0 1,1 1,4 9,7 1,9 2,11 1,12 5,14 3,15 2,16 2,18 1,19 10,23 1,25 uu}
{4 2,7 1,9 3,12 1,14 1,15 3,16 6,19 11,23 2,25 uu}
{4 1,7 1,11 3,15 6,16 5,19 18,25 uu}
{0 3,2 1,4 10,11 1,12 2,13 1,14 1,15 3,16 3,19 23,25 uu}
{2 1,4 7,6 1,9 1,10 2,12 5,13 1,14 9,15 6,16 9,18 1,19 19,25 uu}
{0 2,4 5,7 2,9 2,12 3,13 2,14 5,15 3,16 6,19 19,20 1,25 uu}
{0 1,4 10,7 2,10 1,11 1,14 5,15 2,16 7,19 22,24 1,25 uu}
{0 1,4 4,5 2,7 1,8 1,11 1,12 1,13 2,14 2,15 5,16 5,19 13,23 6,25 uu}
{4 4,7 2,10 2,12 1,14 1,15 3,16 2,19 15,20 1,24 1,25 uu}
{4 8,6 1,12 2,14 5,15 3,16 7,19 21,25 uu}
{0 1,4 5,5 1,7 6,9 1,11 2,12 2,14 3,15 1,16 4,18 1,19 14,23 1,25 uu}
{4 6,5 1,7 1,9 2,10 1,11 2,12 2,14 6,16 4,18 3,19 20,25 uu}
{1 2,4 4,7 1,9 5,10 2,11 2,12 1,13 1,14 6,15 2,16 6,18 4,19 8,20 1,23 2,25 uu}
{4 11,7 1,8 1,9 2,10 1,12 1,14 3,15 2,16 3,18 2,19 12,23 2,25 uu}
{0 1,4 3,7 3,12 1,13 1,14 2,15 1,16 3,17 1,18 1,19 19,20 1,23 1,25 uu}
{4 9,7 1,9 1,10 3,13 1,14 3,15 3,16 2,17 3,18 2,19 6,20 1,25 vv}
{0 2,4 12,7 5,8 1,9 1,10 2,12 3,14 7,16 10,17 1,18 3,19 8,22 1,23 3,25 vv}
{4 7,10 6,13 1,14 3,16 9,18 1,19 14,22 3,23 5,25 vv}
{0 2,4 12,7 1,9 1,10 2,14 3,15 3,16 3,18 2,19 15,22 1,23 2,25 vv}
{4 7,7 2,9 2,13 3,14 2,15 2,16 3,19 8,23 1,25 vv}
{4 9,7 4,12 1,13 2,15 1,16 3,18 2,19 7,21 1,22 1,24 1,25 vv}
{4 2,7 3,9 1,10 1,14 9,15 1,16 6,17 2,18 1,19 5,20 1,25 vv}
{4 3,6 1,8 1,10 2,12 1,14 3,16 5,19 14,21 1,25 vv}
{1 1,4 8,7 2,9 1,11 1,14 1,15 3,16 5,17 2,18 2,19 12,20 1,21 1,25 vv}
{0 1,4 10,5 1,6 1,7 1,10 1,13 5,14 1,15 1,16 3,17 1,18 1,19 8,23 1,25 vv}
{0 3,4 4,5 1,7 1,12 1,14 4,16 6,18 1,19 9,20 1,25 vv}
{1 1,4 8,8 2,12 3,13 1,14 4,15 1,16 3,17 1,18 1,19 16,25 vv}
{4 9,6 1,7 1,9 1,13 1,14 2,15 4,16 9,17 2,19 8,23 3,25 vv}
{4 10,6 3,7 5,10 1,12 4,14 2,15 4,16 8,17 1,18 2,19 5,25 vv}
{4 11,12 1,13 1,14 3,15 7,16 1,19 12,25 w}
{0 1,4 1,7 3,14 5,15 12,16 5,18 1,19 17,25 w}
{0 1,4 3,6 1,7 2,10 1,12 3,13 1,14 2,15 2,16 6,19 19,22 1,23 1,25 w}
{0 1,2 1,4 2,6 1,7 1,12 2,15 1,16 1,17 1,18 1,19 18,20 1,25 w}
{4 4,6 1,7 1,8 1,12 2,14 6,15 3,16 7,17 1,18 1,19 18,25 w}
{0 3,4 4,7 1,12 4,14 6,15 4,16 3,18 1,19 16,23 1,25 w}
{0 1,4 1,5 1,6 1,7 2,9 1,14 8,15 1,16 5,18 1,19 14,20 1,23 1,25 w}
{0 2,2 1,4 3,7 1,9 1,14 3,15 2,16 2,18 1,19 14,25 w}
{4 4,6 1,8 1,9 1,12 3,14 3,15 3,16 2,19 17,23 2,25 w}
{1 1,4 3,7 4,8 1,10 4,12 2,14 3,15 1,16 4,19 18,20 3,25 w}
{0 3,4 6,5 1,6 2,7 4,9 1,12 1,14 7,15 2,16 4,19 16,25 w}
{4 5,7 5,10 1,12 3,14 2,15 10,16 6,17 1,19 12,20 1,25 w}
{0 1,4 4,7 5,9 1,10 1,12 2,13 3,14 1,15 2,16 4,19 12,20 1,25 w}
{0 1,4 7,7 2,10 2,11 1,13 3,14 1,19 13,20 4,23 6,25 w}
{4 7,7 1,9 1,12 6,14 1,15 2,16 5,19 9,20 1,25 ww}
{4 10,6 1,7 1,9 1,11 1,12 3,13 1,14 9,16 7,18 2,19 6,25 ww}
{4 11,7 2,10 1,12 3,14 2,15 1,16 9,18 2,19 7,20 1,25 ww}
{4 7,6 1,14 6,15 1,16 4,17 1,18 1,19 11,25 ww}
{4 11,5 1,7 1,9 4,10 1,11 4,13 1,14 6,16 6,19 9,25 ww}
{4 6,6 1,7 1,10 1,11 2,14 2,15 2,16 4,17 1,19 8,22 1,23 3,25 ww}
{4 3,7 1,11 1,12 1,14 5,15 1,16 2,18 2,19 13,20 1,22 1,23 1,25 ww}
{0 3,4 4,7 1,10 4,11 1,12 1,14 3,15 1,16 5,17 1,19 19,23 1,24 1,25 ww}
{0 1,4 3,6 1,9 5,10 2,12 1,14 3,16 5,19 12,23 1,25 ww}
{4 7,6 2,7 4,12 1,14 7,15 1,16 5,18 2,19 11,22 1,25 ww}
{0 2,4 8,8 1,9 1,12 1,14 3,15 1,16 1,19 16,23 1,25 ww}
{0 1,4 11,7 1,14 9,15 1,16 6,19 10,25 ww}
{0 1,1 1,4 6,5 1,6 1,8 1,14 3,15 2,16 4,19 17,25 ww}
{4 4,6 4,8 1,14 1,15 3,16 6,18 2,19 19,20 1,23 3,24 1,25 ww}
{4 8,6 3,7 1,14 4,15 2,16 9,19 8,22 1,25 ww}
{4 2,7 1,9 2,14 6,15 4,16 2,18 1,19 26,20 1,25 x}
{4 6,9 1,10 1,14 7,15 3,16 5,17 1,19 18,20 1,23 1,25 x}
{4 8,7 4,10 1,11 1,14 4,15 1,16 1,19 17,25 x}
{4 5,7 4,9 1,10 1,13 1,15 6,16 3,17 2,19 18,21 1,25 x}
{4 3,7 1,12 1,14 1,15 2,16 5,19 18,25 x}
{4 2,6 1,7 1,10 1,14 7,15 4,16 7,19 20,20 1,22 1,23 1,25 x}
{0 1,1 1,4 4,7 2,9 1,12 1,13 2,14 7,15 1,16 4,18 1,19 23,24 2,25 x}
{0 2,4 5,7 1,9 1,10 2,14 2,15 1,16 2,19 20,24 1,25 x}
{0 2,4 1,6 1,14 1,16 6,18 1,19 16,20 1,21 2,25 x}
{4 5,7 4,12 1,13 1,14 4,15 4,16 5,18 1,19 21,21 2,25 x}
{4 5,5 1,7 5,11 1,13 1,14 4,15 4,16 2,18 1,19 13,21 1,23 1,25 x}
{4 5,9 1,10 1,14 5,15 2,16 1,18 3,19 21,23 3,25 x}
{4 3,7 4,14 1,15 3,16 5,18 2,19 14,24 1,25 x}
{0 1,1 1,2 1,4 5,7 1,9 1,10 1,12 1,13 1,14 3,15 8,16 5,19 12,23 3,25 y}
{1 3,4 1,7 1,8 1,9 3,12 5,13 1,14 3,15 4,16 6,19 15,20 3,23 4,25 y}
{4 3,9 2,10 1,12 2,14 2,15 5,16 8,19 13,23 2,25 y}
{0 1,4 8,7 1,13 1,14 10,15 3,16 11,18 1,19 14,20 1,22 1,23 4,24 1,25 y}
{0 1,1 2,4 3,7 1,9 1,12 4,14 4,15 3,16 3,19 21,21 1,25 y}
{0 2,2 1,4 4,6 1,7 1,9 1,14 2,15 9,16 4,19 13,23 3,25 y}
{2 1,4 7,5 1,7 1,9 1,12 2,13 1,14 8,15 1,16 4,17 1,18 1,19 18,22 1,25 y}
{0 1,4 8,6 1,10 1,12 1,14 10,15 6,16 10,17 1,19 14,20 1,21 1,23 1,25 y}
{4 10,14 7,15 1,16 10,17 1,18 2,19 25,20 1,22 2,23 2,25 y}
{4 3,6 1,7 1,14 5,15 2,16 5,17 1,18 1,19 17,22 2,23 1,25 y}
{4 3,14 4,15 1,16 4,19 21,23 1,25 y}
{4 2,7 3,12 1,14 2,15 1,16 8,18 1,19 22,23 2,25 y}
{1 1,4 1,9 1,14 4,15 10,16 6,19 13,21 1,23 3,25 y}
{4 7,7 4,8 1,10 1,12 1,14 7,16 2,19 8,23 1,25 z}
{4 5,7 1,9 1,10 2,12 1,13 2,14 6,15 1,16 2,18 1,19 16,23 1,25 z}
{4 3,6 1,10 1,13 1,14 5,16 5,17 2,19 13,25 z}
{4 5,5 1,7 3,10 2,13 2,14 5,15 5,16 4,19 13,25 z}
{1 1,4 5,6 1,7 2,12 1,14 8,15 1,16 1,17 1,18 1,19 20,25 z}
{4 3,7 2,9 1,12 1,14 9,15 7,16 1,17 1,18 1,19 13,25 z}
{4 5,12 2,14 2,15 1,16 6,19 18,25 z}
{1 1,4 6,6 1,7 2,9 1,12 2,14 3,15 6,16 6,18 1,19 16,24 1,25 z}

Calculating InfoGain on the training set's features
===================================================
Features InfoGain score (non-zero only):
----------------------------------------

Feature-type breakdown:
-----------------------
> Conjunctions   0.000000 (NaN%)

done!

2013-04-02, 16:15:05 Starting 10-folds cross-validation on training corpus phase...

================================================================================

Running analysis with classifier 1 out of 1:
> Classifier: weka.classifiers.functions.SMO
> Options:    -C 1.0 -L 0.001 -P 1.0E-12 -N 0 -V -1 -W 1 -K weka.classifiers.functions.supportVector.PolyKernel -C 250007 -E 1.0 

2013-04-02, 16:15:05 Starting cross validation...
2013-04-02, 16:28:32 done!

=== Summary ===

Correctly Classified Instances         117               19.2434 %
Incorrectly Classified Instances       491               80.7566 %
Kappa statistic                          0.1689
Mean absolute error                      0.0481
Root mean squared error                  0.1546
Relative absolute error                 98.7017 %
Root relative squared error             99.0847 %
Total Number of Instances              608     

=== Detailed Accuracy By Class ===

               TP Rate   FP Rate   Precision   Recall  F-Measure   ROC Area  Class
                 0.071     0.019      0.083     0.071     0.077      0.711    aa
                 0.353     0.017      0.375     0.353     0.364      0.887    b
                 0.316     0.081      0.111     0.316     0.164      0.723    bb
                 0.389     0.058      0.171     0.389     0.237      0.781    c
                 0.222     0.036      0.16      0.222     0.186      0.689    cc
                 0.385     0.005      0.625     0.385     0.476      0.947    d
                 0.214     0.01       0.333     0.214     0.261      0.79     dd
                 0.125     0.02       0.143     0.125     0.133      0.888    e
                 0         0.024      0         0         0          0.605    ff
                 0.063     0.015      0.1       0.063     0.077      0.641    g
                 0         0.012      0         0         0          0.625    gg
                 0.5       0.044      0.257     0.5       0.34       0.851    h
                 0.3       0.041      0.2       0.3       0.24       0.776    hh
                 0         0.005      0         0         0          0.778    i
                 0.214     0.005      0.5       0.214     0.3        0.701    ii
                 0         0.005      0         0         0          0.688    j
                 0         0.008      0         0         0          0.808    jj
                 0.316     0.037      0.214     0.316     0.255      0.854    k
                 0         0.003      0         0         0          0.483    l
                 0.385     0.003      0.714     0.385     0.5        0.88     ll
                 0.214     0.022      0.188     0.214     0.2        0.757    m
                 0.071     0.013      0.111     0.071     0.087      0.82     mm
                 0.077     0.012      0.125     0.077     0.095      0.788    n
                 0.154     0.007      0.333     0.154     0.211      0.773    nn
                 0.35      0.044      0.212     0.35      0.264      0.784    p
                 0.409     0.097      0.136     0.409     0.205      0.732    pp
                 0.133     0.008      0.286     0.133     0.182      0.777    q
                 0.286     0.015      0.308     0.286     0.296      0.877    r
                 0.429     0.007      0.6       0.429     0.5        0.857    rr
                 0.333     0.013      0.385     0.333     0.357      0.797    ss
                 0.154     0.007      0.333     0.154     0.211      0.786    t
                 0.063     0.01       0.143     0.063     0.087      0.61     tt
                 0.2       0.007      0.429     0.2       0.273      0.743    u
                 0.167     0.046      0.1       0.167     0.125      0.704    uu
                 0.071     0.022      0.071     0.071     0.071      0.738    vv
                 0.071     0.013      0.111     0.071     0.087      0.785    w
                 0.067     0.025      0.063     0.067     0.065      0.708    ww
                 0         0.007      0         0         0          0.857    x
                 0.077     0.007      0.2       0.077     0.111      0.878    y
                 0         0          0         0         0          0.666    z
Weighted Avg.    0.192     0.024      0.201     0.192     0.181      0.764

=== Confusion Matrix ===

  a  b  c  d  e  f  g  h  i  j  k  l  m  n  o  p  q  r  s  t  u  v  w  x  y  z aa ab ac ad ae af ag ah ai aj ak al am an   <-- classified as
  1  0  1  2  0  0  0  0  0  0  0  0  3  0  0  0  0  0  0  0  1  1  0  0  1  1  0  1  1  0  0  1  0  0  0  0  0  0  0  0 |  a = aa
  0  6  0  0  0  1  0  0  1  0  0  1  1  0  0  0  0  0  0  0  0  0  2  0  0  3  0  0  0  2  0  0  0  0  0  0  0  0  0  0 |  b = b
  1  0  6  0  0  0  1  1  0  0  0  1  0  0  0  0  0  0  0  0  0  0  0  0  1  2  0  0  1  1  0  1  0  0  1  1  1  0  0  0 |  c = bb
  0  0  2  7  0  0  0  0  0  0  0  2  0  0  0  0  1  0  0  0  2  2  0  0  0  1  0  0  0  0  0  0  0  1  0  0  0  0  0  0 |  d = c
  1  1  1  2  4  0  0  1  1  0  0  0  0  0  0  0  0  0  0  0  0  1  0  0  1  1  0  0  0  0  0  0  0  3  0  1  0  0  0  0 |  e = cc
  0  0  1  1  0  5  0  0  1  0  0  0  0  0  0  1  0  0  0  0  0  2  1  0  0  0  0  0  0  0  0  0  0  1  0  0  0  0  0  0 |  f = d
  0  0  2  0  0  0  3  0  0  0  0  0  3  0  1  0  0  0  0  0  0  0  1  0  0  0  0  0  0  0  1  0  0  1  1  0  1  0  0  0 |  g = dd
  0  0  3  0  1  0  0  2  0  0  0  2  0  0  0  0  2  0  0  1  0  0  0  0  1  2  0  0  0  0  0  1  0  0  0  0  1  0  0  0 |  h = e
  0  0  2  5  0  0  0  0  0  1  0  1  0  0  0  0  0  1  0  0  0  1  1  0  0  1  0  0  0  0  0  0  0  0  0  0  1  0  0  0 |  i = ff
  0  1  2  0  0  0  0  1  0  1  1  1  0  0  0  0  0  2  0  0  0  0  0  0  1  3  0  0  0  0  0  1  0  1  1  0  0  0  0  0 |  j = g
  1  1  0  0  1  0  0  0  0  0  0  0  1  1  1  0  0  0  0  0  0  0  0  1  1  3  0  1  0  1  0  0  0  1  0  0  0  0  0  0 |  k = gg
  0  0  0  2  1  0  0  1  0  0  0  9  0  0  0  0  0  1  0  0  0  0  0  0  1  1  0  0  0  0  0  0  0  1  0  0  1  0  0  0 |  l = h
  3  1  1  0  1  0  1  0  1  0  0  0  6  0  0  0  0  0  0  0  0  0  0  2  1  2  0  1  0  0  0  0  0  0  0  0  0  0  0  0 |  m = hh
  1  1  1  3  2  0  0  0  0  0  0  0  1  0  0  0  0  1  0  0  1  0  0  0  0  0  0  0  0  0  0  0  0  2  1  0  0  0  0  0 |  n = i
  1  0  0  1  1  0  0  1  1  1  0  1  1  0  3  0  0  1  0  0  0  1  0  0  0  0  0  0  0  0  0  0  0  0  0  0  1  0  0  0 |  o = ii
  0  2  0  1  0  1  0  0  0  0  0  0  0  0  0  0  0  5  0  0  0  0  0  0  0  2  1  0  0  1  0  0  0  0  0  1  0  1  0  0 |  p = j
  0  1  0  0  2  0  0  1  0  1  0  1  0  0  0  0  0  0  0  0  1  0  0  0  4  1  0  1  0  0  0  0  0  2  0  0  0  0  0  0 |  q = jj
  0  0  2  0  0  0  0  0  1  1  0  0  0  0  0  2  0  6  0  0  0  0  0  0  1  3  0  0  0  0  0  0  0  1  0  0  2  0  0  0 |  r = k
  0  0  2  3  1  0  0  1  1  0  0  1  0  0  0  0  0  0  0  0  0  0  0  0  0  2  0  0  0  0  0  0  0  0  1  0  1  0  1  0 |  s = l
  0  0  1  0  0  0  0  0  0  0  0  0  1  0  0  0  0  1  0  5  0  0  0  0  0  2  0  0  0  0  0  0  0  2  0  0  1  0  0  0 |  t = ll
  0  0  2  1  0  0  0  1  0  0  0  1  1  0  0  0  0  0  0  0  3  0  0  0  1  1  0  0  0  0  0  0  0  0  0  1  0  0  2  0 |  u = m
  1  0  2  1  0  0  1  0  0  0  1  0  2  0  0  0  0  1  0  0  0  1  0  0  1  1  0  0  0  1  0  0  0  0  1  0  0  0  0  0 |  v = mm
  0  0  1  1  1  0  1  0  1  0  0  1  1  0  0  0  0  0  0  0  0  0  1  0  0  1  0  0  0  2  0  0  0  0  2  0  0  0  0  0 |  w = n
  0  0  0  1  1  0  1  0  1  0  2  0  4  0  0  0  0  0  0  0  0  0  0  2  0  1  0  0  0  0  0  0  0  0  0  0  0  0  0  0 |  x = nn
  0  0  0  1  1  0  0  1  0  1  0  0  0  0  0  0  1  0  0  0  0  0  0  0  7  2  0  1  0  0  0  1  0  0  0  1  2  1  0  0 |  y = p
  0  0  1  0  1  0  0  0  0  1  1  1  1  0  0  0  0  0  2  0  0  0  0  1  2  9  0  0  0  0  0  0  0  1  0  0  0  1  0  0 |  z = pp
  0  0  0  0  2  0  0  0  2  0  0  2  0  0  0  0  0  0  0  0  0  0  0  0  0  1  2  2  0  0  0  0  2  1  0  0  1  0  0  0 | aa = q
  1  0  1  0  0  0  0  0  0  0  1  0  1  0  0  0  1  2  0  1  0  0  0  0  1  0  0  4  0  0  0  0  0  0  0  1  0  0  0  0 | ab = r
  0  0  1  0  0  0  0  0  0  0  0  0  0  0  0  0  0  2  0  0  0  0  0  0  0  4  0  0  6  0  0  0  0  0  0  0  0  1  0  0 | ac = rr
  0  2  1  2  0  1  0  0  0  0  0  0  0  0  0  0  0  0  0  0  1  0  0  0  0  2  0  0  0  5  0  0  0  1  0  0  0  0  0  0 | ad = ss
  0  0  2  0  2  0  0  0  0  0  0  0  0  0  0  0  0  0  0  0  0  0  1  0  0  2  0  1  0  0  2  0  1  0  1  0  1  0  0  0 | ae = t
  1  0  2  1  1  0  0  1  1  2  1  2  0  0  1  0  0  0  0  0  0  0  0  0  1  0  0  0  0  0  0  1  0  0  1  0  0  0  0  0 | af = tt
  0  0  1  1  0  0  0  0  0  0  0  1  1  0  0  0  0  1  0  0  0  0  0  0  1  1  1  0  0  0  0  0  3  1  2  0  0  0  1  0 | ag = u
  0  0  1  2  1  0  0  0  1  0  0  2  0  0  0  0  0  2  0  0  0  0  0  0  2  3  0  0  0  0  0  0  0  3  0  1  0  0  0  0 | ah = uu
  0  0  1  1  0  0  1  0  1  0  0  1  2  2  0  0  0  0  0  0  0  0  0  0  1  1  0  0  0  0  1  0  0  0  1  0  1  0  0  0 | ai = vv
  0  0  3  1  0  0  0  0  0  1  0  2  0  0  0  0  0  0  0  0  1  0  0  0  0  3  0  1  0  0  0  0  1  0  0  1  0  0  0  0 | aj = w
  0  0  1  0  0  0  0  1  0  0  0  2  0  0  0  0  0  0  0  0  0  0  1  0  2  1  1  0  1  0  1  0  0  3  0  0  1  0  0  0 | ak = ww
  0  0  3  0  1  0  0  1  0  0  0  0  0  0  0  0  0  1  0  0  1  0  0  0  0  1  2  0  1  0  0  0  0  1  1  0  0  0  0  0 | al = x
  0  0  2  1  0  0  0  0  0  0  0  0  0  0  0  0  0  1  0  0  4  0  0  0  1  0  0  0  0  0  1  0  0  1  0  1  0  0  1  0 | am = y
  0  0  2  0  0  0  0  0  0  0  0  0  0  0  0  0  0  0  0  0  1  0  0  0  0  2  0  0  0  0  0  1  0  2  0  0  0  0  0  0 | an = z

