============================ JStylo Analysis Output ============================
Started analysis on 2013-04-02, 16:11:46
Running 10-folds cross validation on training corpus

Training corpus:
> bb (19 documents)
> cc (18 documents)
> ff (14 documents)
> h (18 documents)
> hh (20 documents)
> j (15 documents)
> jj (15 documents)
> l (14 documents)
> ll (13 documents)
> m (14 documents)
> mm (14 documents)
> nn (13 documents)
> o (15 documents)
> p (20 documents)
> pp (22 documents)
> q (15 documents)
> qq (23 documents)
> rr (14 documents)
> s (14 documents)
> ss (15 documents)
> t (13 documents)
> u (15 documents)
> uu (18 documents)
> ww (15 documents)
> x (13 documents)

Feature set: Conjunctionss only:
> Conjunctions

Classifiers used:
> weka.classifiers.functions.SMO                    	-C 1.0 -L 0.001 -P 1.0E-12 -N 0 -V -1 -W 1 -K weka.classifiers.functions.supportVector.PolyKernel -C 250007 -E 1.0 

================================================================================

2013-04-02, 16:11:46 Extracting features from training corpus (using sparse representation)...
2013-04-02, 16:11:50 done!

Training corpus features (ARFF):
================================
@relation JStylo

@attribute 'Conjunctions-1{as}' numeric
@attribute 'Conjunctions-2{or}' numeric
@attribute 'Conjunctions-3{although}' numeric
@attribute 'Conjunctions-4{and}' numeric
@attribute 'Conjunctions-5{so}' numeric
@attribute 'Conjunctions-6{where}' numeric
@attribute 'Conjunctions-7{nor}' numeric
@attribute 'Conjunctions-8{before}' numeric
@attribute 'Conjunctions-9{while}' numeric
@attribute 'Conjunctions-10{yet}' numeric
@attribute 'Conjunctions-11{that}' numeric
@attribute 'Conjunctions-12{since}' numeric
@attribute 'Conjunctions-13{once}' numeric
@attribute 'Conjunctions-14{after}' numeric
@attribute 'Conjunctions-15{if}' numeric
@attribute 'Conjunctions-16{but}' numeric
@attribute 'Conjunctions-17{until}' numeric
@attribute 'Conjunctions-18{than}' numeric
@attribute 'Conjunctions-19{whether}' numeric
@attribute 'Conjunctions-20{because}' numeric
@attribute 'Conjunctions-21{though}' numeric
@attribute 'Conjunctions-22{when}' numeric
@attribute 'Conjunctions-23{how}' numeric
@attribute 'Conjunctions-24{for}' numeric
@attribute authorName {bb,cc,ff,h,hh,j,jj,l,ll,m,mm,nn,o,p,pp,q,qq,rr,s,ss,t,u,uu,ww,x}

@data
{0 2,1 6,3 9,4 1,5 1,10 10,14 3,15 2,18 1,21 1,22 1,23 4}
{0 2,1 3,3 20,10 5,14 4,15 2,16 1,17 2,22 2,23 4}
{0 3,1 4,3 17,4 1,8 1,10 1,13 3,15 1,17 1,18 1,20 1,22 2,23 5}
{0 5,2 1,3 26,10 1,15 1,16 1,23 5}
{0 2,1 4,2 1,3 24,10 3,12 1,13 1,14 1,15 1,17 3,21 1,23 7}
{0 3,3 17,10 5,14 4,15 2,21 2,23 2}
{0 6,3 23,4 1,10 6,11 1,12 1,15 3,17 1,19 1,21 1,23 5}
{0 8,1 1,2 2,3 23,4 1,7 1,8 1,9 1,10 1,11 1,15 3,16 1,17 1,19 1,20 1,21 1,23 3}
{0 2,2 1,3 19,4 1,7 1,10 2,15 2,17 1,22 1,23 8}
{0 1,3 23,4 1,8 1,10 5,13 1,14 4,15 2,16 1,17 1,19 2,22 1,23 4}
{0 4,3 10,10 16,14 2,19 2,21 5,23 4}
{3 15,4 2,5 1,7 1,10 8,14 1,15 1,16 1,17 1,19 2,21 3,23 5}
{0 6,1 1,2 1,3 17,8 2,10 5,13 1,16 2,19 1,21 4,23 3}
{0 6,3 13,4 1,10 3,15 1,23 3}
{0 10,1 1,2 2,3 16,9 1,10 6,13 5,15 2,21 2,23 2}
{0 1,1 2,2 2,3 20,12 1,15 2,17 2,19 2,21 1,23 3}
{0 2,3 32,4 2,5 1,10 1,12 1,14 1,15 2,19 3,21 3,23 2}
{0 2,1 1,3 16,5 2,10 3,13 1,14 1,21 3,23 3}
{0 4,1 4,3 17,4 2,5 1,10 6,13 2,15 2,17 2,21 3,22 2,23 9}
{0 6,1 3,2 1,3 16,4 2,7 2,8 2,10 5,11 1,15 3,16 2,20 1,21 1,23 4,24 cc}
{0 7,1 1,3 13,8 2,9 2,10 6,17 3,18 1,21 1,23 2,24 cc}
{0 6,1 5,3 10,4 1,5 1,8 1,9 1,10 3,11 1,14 1,17 1,19 1,23 5,24 cc}
{0 7,1 3,3 15,4 2,8 4,9 2,10 5,14 2,15 2,22 1,23 2,24 cc}
{0 6,1 3,3 13,4 1,8 1,9 1,10 7,14 3,19 2,20 1,21 1,23 1,24 cc}
{0 3,1 3,3 19,8 1,10 5,14 2,21 1,23 4,24 cc}
{0 8,1 5,3 11,4 1,5 1,8 1,9 1,10 3,15 2,17 1,19 5,22 1,23 3,24 cc}
{0 7,1 9,3 9,7 2,10 11,15 3,16 1,17 1,20 2,23 6,24 cc}
{0 6,1 4,3 11,4 3,10 11,14 3,15 2,17 1,19 2,21 1,23 6,24 cc}
{0 5,1 10,3 14,4 1,5 1,6 1,7 1,8 1,10 9,14 1,15 4,17 1,19 1,21 1,23 2,24 cc}
{0 11,1 3,3 17,10 6,14 1,15 2,19 1,21 2,23 2,24 cc}
{0 7,1 1,3 21,7 2,10 12,15 1,19 1,21 1,23 3,24 cc}
{0 7,1 3,2 1,3 22,4 1,8 2,10 9,13 1,15 3,19 1,21 1,22 1,23 3,24 cc}
{0 9,1 1,3 18,4 2,8 1,10 14,13 1,15 2,19 1,20 1,21 1,22 1,23 4,24 cc}
{0 5,3 18,8 1,10 11,12 1,13 1,14 1,19 1,20 1,21 2,23 5,24 cc}
{0 6,1 2,2 1,3 15,5 1,7 1,10 10,11 1,14 1,15 2,16 1,21 1,23 6,24 cc}
{0 5,1 2,3 10,5 1,10 5,11 2,12 1,15 1,17 1,19 1,21 1,23 1,24 cc}
{0 5,3 16,10 4,17 1,20 1,21 2,22 2,23 7,24 cc}
{0 5,1 1,3 12,4 1,7 1,8 1,10 7,11 1,13 2,14 4,15 2,16 1,19 1,21 1,22 1,23 1,24 ff}
{0 5,1 4,3 17,4 1,8 2,10 4,13 1,14 2,15 1,16 1,17 1,23 5,24 ff}
{0 3,1 1,2 1,3 16,4 1,9 1,10 5,14 1,15 1,21 1,23 6,24 ff}
{0 5,1 3,3 13,4 3,5 1,10 18,13 1,14 1,15 2,22 2,23 8,24 ff}
{0 8,1 2,3 11,4 1,5 1,10 13,15 5,18 1,20 2,24 ff}
{0 4,1 6,3 9,4 2,7 1,10 8,14 3,15 3,19 1,21 2,22 1,23 5,24 ff}
{0 5,1 2,3 18,7 1,10 10,11 1,13 1,14 2,15 3,17 1,23 7,24 ff}
{0 4,1 1,3 7,8 2,10 15,12 1,15 2,17 3,22 1,23 2,24 ff}
{0 7,1 1,3 8,4 2,8 1,10 9,14 1,15 1,17 2,18 1,21 1,23 5,24 ff}
{0 8,1 1,3 13,8 1,10 8,15 1,17 2,19 1,22 2,23 7,24 ff}
{0 6,1 1,2 1,3 7,8 1,10 7,12 1,15 2,19 2,21 1,22 1,23 7,24 ff}
{0 7,1 1,3 11,5 1,10 8,13 2,14 2,15 2,17 1,19 1,21 1,23 3,24 ff}
{0 5,1 2,3 12,8 1,10 4,14 3,15 1,23 4,24 ff}
{0 5,1 2,2 1,3 8,4 1,7 1,10 14,13 1,14 2,15 1,17 2,21 4,22 1,23 4,24 ff}
{0 2,1 1,3 13,8 3,10 9,17 2,22 1,23 8,24 h}
{0 4,1 3,3 13,10 7,15 1,17 3,20 1,21 1,23 13,24 h}
{0 7,1 1,3 7,4 1,5 1,10 6,14 2,17 2,19 1,21 2,22 2,23 6,24 h}
{0 7,1 2,3 9,4 3,5 2,7 2,8 2,10 6,15 2,16 1,17 2,19 1,21 1,22 1,23 6,24 h}
{0 2,1 1,3 9,4 2,7 1,10 6,13 2,14 2,15 2,17 1,21 7,22 1,23 7,24 h}
{0 6,1 2,3 11,7 3,9 1,10 9,15 1,18 1,21 3,23 12,24 h}
{0 4,1 1,3 9,7 1,8 1,10 13,12 1,14 2,15 1,17 1,21 1,22 1,23 13,24 h}
{0 7,1 2,3 15,7 2,8 2,9 1,10 9,14 1,16 1,17 2,21 2,22 1,23 9,24 h}
{0 5,3 17,4 1,10 9,15 1,20 1,23 12,24 h}
{0 1,1 2,3 19,4 2,10 2,13 1,23 4,24 h}
{0 9,1 2,3 17,10 6,11 1,13 2,14 1,15 2,23 6,24 h}
{0 4,1 2,3 5,5 1,8 3,10 5,13 2,15 1,17 1,21 1,23 6,24 h}
{0 3,1 2,3 11,5 2,8 1,10 5,14 1,15 1,18 1,21 1,23 10,24 h}
{0 6,1 2,2 1,3 13,8 1,10 8,12 2,15 1,17 1,21 3,22 1,23 4,24 h}
{0 12,3 14,5 2,10 8,12 1,14 1,15 2,19 1,21 3,22 1,23 8,24 h}
{0 10,3 16,4 2,5 2,8 1,10 6,15 3,21 2,23 7,24 h}
{0 3,1 1,3 19,4 1,5 1,8 4,10 1,16 1,20 1,21 1,22 1,23 5,24 h}
{0 11,1 4,3 13,7 1,8 2,10 6,15 1,17 1,21 3,23 2,24 h}
{0 3,1 2,2 1,3 19,4 1,7 1,10 13,11 1,13 1,14 1,15 5,17 2,18 1,19 3,21 1,22 1,23 3,24 hh}
{0 7,1 1,3 18,7 2,10 14,11 1,15 2,19 1,20 1,21 2,22 3,23 2,24 hh}
{0 2,2 1,3 13,4 2,10 22,15 2,17 1,19 1,20 1,21 3,22 2,23 6,24 hh}
{0 3,1 1,3 16,4 7,8 1,10 16,13 3,14 3,15 1,16 1,17 1,19 1,21 1,22 2,23 5,24 hh}
{0 17,1 2,3 18,4 3,5 1,8 2,10 6,15 3,17 1,19 6,20 2,21 7,22 1,23 1,24 hh}
{0 6,1 3,3 23,4 2,10 13,14 2,15 2,16 1,19 3,20 1,21 1,22 5,23 2,24 hh}
{0 2,1 3,3 14,4 5,8 2,10 16,14 2,15 2,19 1,21 1,22 3,23 4,24 hh}
{0 3,1 7,3 14,4 3,10 11,14 2,15 7,19 1,20 1,21 3,22 3,23 4,24 hh}
{0 3,2 1,3 18,4 5,7 1,9 2,10 19,13 1,15 3,19 1,21 4,22 2,23 2,24 hh}
{1 3,2 1,3 15,4 5,7 1,9 1,10 9,14 1,15 1,16 2,19 1,22 4,23 2,24 hh}
{0 8,1 3,2 1,3 16,4 1,10 9,11 1,13 1,15 2,17 1,19 1,21 2,22 2,24 hh}
{0 2,1 1,3 11,5 1,10 8,20 1,22 1,23 8,24 hh}
{0 2,1 2,3 10,10 10,14 1,15 2,17 3,23 3,24 hh}
{0 1,1 6,3 11,4 1,10 7,11 2,12 1,17 1,21 1,22 2,23 2,24 hh}
{0 2,1 1,2 1,3 15,5 1,10 4,11 1,14 1,17 2,19 1,21 1,23 4,24 hh}
{0 1,1 4,3 10,4 1,5 1,7 1,8 1,10 7,14 1,15 1,17 1,22 2,23 7,24 hh}
{0 1,1 1,3 15,4 1,10 12,14 1,15 4,17 3,19 2,21 1,22 1,23 5,24 hh}
{0 2,3 15,4 2,8 1,10 13,15 1,17 2,19 2,22 1,23 5,24 hh}
{0 2,1 3,3 15,4 1,5 1,10 5,11 3,17 1,19 1,21 1,22 2,23 5,24 hh}
{0 3,1 2,3 14,4 4,10 8,11 1,12 1,13 1,14 1,15 2,17 1,18 1,19 1,20 1,21 1,23 1,24 hh}
{0 6,1 5,3 10,10 9,14 1,15 1,17 3,18 4,20 2,22 1,23 3,24 j}
{0 3,1 2,2 1,3 9,4 1,10 11,12 3,15 1,17 1,18 2,23 5,24 j}
{0 8,1 3,3 9,10 4,15 3,19 1,23 6,24 j}
{0 5,1 3,3 20,10 4,15 1,19 1,23 8,24 j}
{0 2,1 2,3 15,4 4,5 2,7 1,10 9,12 1,13 1,14 2,15 6,19 3,21 1,23 3,24 j}
{0 1,1 6,3 27,4 2,10 8,15 1,17 1,19 1,22 2,23 2,24 j}
{0 2,1 4,3 7,10 9,14 3,15 2,16 1,17 6,18 1,19 3,21 1,23 4,24 j}
{0 3,1 3,3 8,4 1,5 1,8 1,10 11,11 1,12 1,14 1,15 3,17 2,19 7,23 7,24 j}
{0 2,3 5,8 4,10 8,14 3,15 1,17 3,19 3,23 9,24 j}
{0 2,1 5,2 1,3 7,10 7,14 5,17 1,19 2,23 1,24 j}
{0 3,1 4,3 9,4 1,5 3,8 1,10 7,14 7,15 4,17 2,18 2,21 1,23 1,24 j}
{0 1,1 5,3 4,10 9,14 3,15 1,17 1,19 1,20 1,21 2,23 1,24 j}
{0 2,1 3,3 17,5 2,8 1,10 12,14 2,15 1,21 1,23 1,24 j}
{0 6,1 2,3 10,7 1,8 1,10 2,14 1,15 4,17 1,19 2,20 1,21 1,22 1,23 4,24 j}
{1 3,2 1,3 14,4 2,8 3,10 5,15 5,17 2,19 1,21 3,22 1,23 4,24 j}
{0 6,1 4,3 13,4 1,5 1,7 1,8 1,9 1,10 6,15 2,23 5,24 jj}
{0 9,1 1,3 12,5 1,7 1,8 1,10 5,12 1,14 1,15 1,17 1,20 1,22 1,23 3,24 jj}
{0 1,3 14,5 2,8 1,10 3,12 1,13 2,15 2,20 1,21 3,22 1,23 1,24 jj}
{0 8,1 2,3 16,10 2,11 2,13 1,15 3,17 2,21 1,22 1,23 3,24 jj}
{0 1,1 1,3 22,10 1,11 2,12 1,13 1,15 1,16 1,24 jj}
{0 6,1 1,3 16,4 3,7 1,8 1,10 8,11 1,12 1,14 1,15 1,20 2,21 2,23 5,24 jj}
{0 5,1 7,3 17,4 1,8 1,10 6,12 1,14 1,17 1,21 1,24 jj}
{0 10,1 5,3 17,5 1,10 6,12 1,13 2,14 1,15 1,16 1,17 1,20 4,23 4,24 jj}
{0 3,3 15,4 3,7 1,8 2,10 5,13 1,15 1,16 1,20 1,21 2,23 6,24 jj}
{0 2,3 18,4 1,5 1,7 2,8 1,10 6,14 1,15 3,19 1,20 1,21 1,23 6,24 jj}
{0 3,1 1,3 10,4 4,5 2,8 5,10 9,17 1,21 1,23 6,24 jj}
{0 2,1 2,3 10,8 3,10 7,14 3,15 1,19 1,22 4,23 2,24 jj}
{0 2,1 1,3 15,5 1,7 1,9 2,10 7,13 2,14 1,15 3,16 1,20 1,23 3,24 jj}
{0 15,3 12,4 1,7 1,8 1,9 1,10 4,12 1,13 1,15 3,17 1,23 6,24 jj}
{0 6,1 6,3 11,5 1,7 1,8 1,10 9,12 3,13 3,14 2,15 2,17 1,22 1,23 2,24 jj}
{0 7,3 10,5 3,8 3,10 2,13 2,17 1,23 2,24 l}
{0 6,1 1,3 21,4 2,10 2,11 1,21 3,23 4,24 l}
{0 9,1 8,3 13,4 2,8 2,10 7,13 1,14 2,17 3,20 1,23 7,24 l}
{0 11,3 13,4 1,10 8,13 1,23 4,24 l}
{1 5,3 18,10 5,11 1,14 1,17 1,18 1,22 3,23 5,24 l}
{0 4,1 1,3 13,8 1,10 4,13 1,21 1,22 1,24 l}
{0 5,3 11,4 2,8 1,10 9,14 5,15 4,20 1,21 1,22 2,23 2,24 l}
{1 2,3 12,4 3,10 5,14 1,15 2,19 1,21 2,22 1,23 7,24 l}
{0 2,1 3,2 1,3 18,4 1,10 9,12 1,15 1,19 1,22 1,23 5,24 l}
{0 5,1 4,3 15,4 2,5 1,10 14,14 2,15 2,17 1,19 1,21 3,23 5,24 l}
{0 7,1 4,2 1,3 11,4 2,5 1,10 6,14 2,15 1,16 1,17 1,19 1,23 2,24 l}
{0 3,1 8,3 10,4 1,5 2,6 1,7 2,8 2,10 5,14 1,15 2,17 2,18 1,23 1,24 l}
{0 2,1 4,3 17,4 1,8 3,10 14,11 1,12 2,14 2,15 2,21 1,23 4,24 l}
{0 1,1 4,3 14,4 2,5 1,10 13,14 1,20 1,21 3,22 1,23 2,24 l}
{0 3,3 25,4 1,10 4,15 1,21 1,22 2,23 3,24 ll}
{0 8,1 1,3 19,4 1,7 1,8 2,10 3,13 1,14 3,17 2,19 1,21 1,23 3,24 ll}
{0 7,1 1,3 16,4 1,5 1,7 1,10 1,14 1,15 8,16 1,19 1,20 3,21 1,23 4,24 ll}
{0 8,3 12,4 1,10 8,11 1,13 1,15 2,17 1,19 1,20 2,23 6,24 ll}
{0 5,3 18,4 2,10 4,14 1,15 6,20 4,23 4,24 ll}
{0 2,2 1,3 16,8 1,10 7,14 1,15 7,17 1,20 1,22 3,23 3,24 ll}
{0 2,1 1,3 13,4 3,10 9,11 1,15 5,19 1,20 4,21 1,22 3,23 1,24 ll}
{0 7,1 1,3 10,7 2,10 2,13 1,15 7,19 1,20 2,22 3,23 6,24 ll}
{0 7,1 2,3 20,8 1,10 4,12 1,15 4,17 2,20 1,21 1,22 5,23 2,24 ll}
{0 5,1 2,3 18,7 1,10 5,15 3,17 1,22 2,23 5,24 ll}
{0 6,1 3,3 12,4 2,7 1,10 6,15 3,16 1,17 3,20 3,21 2,22 2,23 4,24 ll}
{0 6,1 4,3 18,4 1,10 6,11 1,14 3,15 4,16 1,18 1,20 1,22 1,23 3,24 ll}
{0 6,1 1,3 14,4 1,8 1,10 4,14 4,15 7,17 1,19 1,20 1,21 1,22 1,23 10,24 ll}
{0 6,1 3,3 23,4 1,8 2,10 1,15 2,17 2,23 10,24 m}
{0 4,1 7,3 14,4 1,10 2,14 1,17 1,23 11,24 m}
{0 7,1 4,3 11,7 1,10 3,11 1,14 4,15 1,17 1,19 1,21 1,22 1,23 12,24 m}
{0 5,1 5,3 7,10 1,12 2,13 1,15 2,19 2,23 15,24 m}
{0 2,1 5,3 7,5 1,10 8,14 4,15 1,21 1,22 2,23 7,24 m}
{0 6,1 1,2 1,3 14,4 1,8 1,10 1,11 1,13 1,14 3,15 1,19 1,22 1,23 17,24 m}
{0 2,1 4,3 16,4 2,8 1,10 4,11 1,13 2,23 4,24 m}
{0 7,1 3,2 1,3 14,10 3,11 1,12 1,15 3,23 6,24 m}
{0 7,1 3,3 20,8 1,9 1,10 2,12 1,13 1,17 2,23 3,24 m}
{0 10,1 2,2 1,3 19,10 1,11 1,13 2,17 1,18 1,21 1,23 1,24 m}
{0 5,1 2,2 1,3 14,4 2,5 2,7 1,10 8,11 1,14 3,15 1,17 1,18 1,19 1,23 5,24 m}
{0 2,1 2,3 17,4 2,5 2,10 5,11 2,12 1,15 2,17 1,19 2,23 3,24 m}
{0 1,2 1,3 18,10 7,13 1,14 1,15 2,17 1,19 1,22 1,23 3,24 m}
{0 3,1 4,3 15,4 1,8 1,10 5,14 1,15 4,19 1,21 2,22 1,23 8,24 m}
{0 7,1 10,3 11,4 1,10 11,15 3,17 1,19 3,21 2,22 1,23 5,24 mm}
{0 9,1 2,2 2,3 12,4 1,10 9,15 3,18 2,19 1,22 1,23 6,24 mm}
{0 2,3 26,4 3,10 10,13 1,15 4,19 1,21 1,22 1,23 4,24 mm}
{0 7,1 1,3 9,10 9,13 1,14 1,15 2,17 1,19 3,22 3,23 3,24 mm}
{0 10,3 38,4 4,5 1,7 1,10 5,15 2,17 2,21 4,22 4,23 5,24 mm}
{0 6,1 2,3 13,4 3,5 2,7 1,10 14,14 1,15 2,19 4,22 1,23 5,24 mm}
{0 4,1 2,2 1,3 13,4 1,10 20,15 2,17 1,19 3,21 1,22 1,23 5,24 mm}
{0 3,1 1,2 1,3 21,4 2,8 1,9 1,10 6,12 1,13 2,15 2,19 2,21 1,23 1,24 mm}
{0 11,1 3,3 19,4 1,5 1,7 1,9 1,10 5,11 1,15 1,18 3,22 2,23 1,24 mm}
{0 4,1 2,2 1,3 19,4 2,7 1,10 14,15 2,17 1,22 2,24 mm}
{0 3,1 3,2 1,3 15,4 2,5 2,10 10,15 1,19 2,23 5,24 mm}
{0 11,1 3,3 24,4 1,10 5,15 4,19 1,22 1,23 8,24 mm}
{0 7,1 1,3 9,4 1,5 1,10 12,14 1,15 4,17 1,20 1,21 3,23 3,24 mm}
{0 6,1 1,2 1,3 13,4 1,5 1,10 13,15 2,19 4,21 2,23 8,24 mm}
{0 3,1 1,3 4,4 1,8 1,10 12,13 2,14 2,15 7,16 1,17 1,20 1,21 1,22 2,23 5,24 nn}
{0 4,1 3,3 13,5 1,6 1,10 7,14 2,15 4,19 1,21 2,22 2,23 8,24 nn}
{0 2,1 4,3 11,10 13,13 1,14 3,15 4,20 1,23 1,24 nn}
{0 3,1 2,3 15,4 3,7 1,10 13,13 1,14 1,15 2,17 1,19 1,20 1,21 1,22 1,23 1,24 nn}
{1 1,3 12,9 1,10 15,11 1,13 1,15 3,16 1,17 2,18 1,20 1,21 2,23 5,24 nn}
{0 6,1 4,3 10,4 1,7 1,8 1,10 7,11 1,15 4,19 1,21 1,22 1,23 2,24 nn}
{0 2,1 5,3 14,4 2,8 1,10 10,13 3,15 2,22 3,23 4,24 nn}
{0 5,1 1,3 22,5 1,8 1,10 10,13 1,15 2,17 1,19 1,22 1,23 5,24 nn}
{0 4,1 2,2 1,3 19,4 3,10 7,13 2,14 2,15 2,19 1,20 2,23 7,24 nn}
{0 7,1 2,3 10,4 3,10 15,14 2,15 2,17 1,23 1,24 nn}
{0 3,1 7,3 6,10 20,13 1,14 5,15 1,16 1,17 1,19 3,20 3,21 1,22 1,23 5,24 nn}
{0 2,1 2,3 13,4 4,5 1,9 1,10 13,13 1,14 1,15 5,16 1,17 4,21 1,22 2,23 3,24 nn}
{0 3,1 2,3 6,4 2,10 16,11 1,14 2,15 2,17 1,19 2,22 1,23 4,24 nn}
{0 5,1 2,3 24,4 2,8 1,9 2,10 5,13 1,14 1,15 3,17 1,20 1,21 1,22 2,23 6,24 o}
{0 5,1 5,3 15,4 1,10 4,13 1,14 1,15 2,17 2,19 1,21 1,22 1,23 4,24 o}
{0 4,1 3,3 12,8 2,10 5,12 1,17 1,19 3,23 3,24 o}
{0 8,1 8,3 16,4 1,5 2,6 1,8 1,10 6,17 1,19 1,23 2,24 o}
{1 3,3 21,5 3,7 1,9 1,10 9,11 1,13 1,14 1,15 2,21 1,22 6,23 3,24 o}
{0 1,1 3,3 22,4 3,5 1,6 1,10 6,14 1,17 1,23 9,24 o}
{0 5,1 2,2 2,3 16,10 6,17 1,19 3,23 4,24 o}
{0 6,1 3,2 1,3 15,5 1,7 1,8 2,9 1,10 4,13 1,14 1,17 1,23 3,24 o}
{0 8,1 11,2 1,3 14,7 1,8 1,10 5,13 1,14 1,15 2,16 1,23 6,24 o}
{0 3,1 10,2 1,3 13,5 1,8 2,10 3,13 1,14 2,17 2,21 1,23 1,24 o}
{0 6,1 6,3 17,4 1,10 10,12 1,15 1,17 2,19 2,21 2,23 7,24 o}
{0 4,1 7,3 15,5 4,8 2,9 2,10 7,14 2,22 5,23 3,24 o}
{0 2,1 7,3 19,4 2,5 1,8 1,10 4,14 1,15 2,17 1,22 6,23 1,24 o}
{0 7,1 8,3 16,6 1,8 4,10 4,15 4,17 1,23 6,24 o}
{0 9,1 6,2 1,3 13,4 3,9 1,10 8,14 6,15 1,22 4,23 2,24 o}
{0 4,3 14,4 4,7 2,10 6,11 1,12 1,14 1,15 1,16 1,17 1,22 1,23 3,24 p}
{0 4,3 15,4 2,5 1,8 2,10 10,11 1,13 1,16 2,17 1,21 2,22 1,23 3,24 p}
{0 4,1 1,3 12,10 9,11 1,13 1,14 3,17 1,20 1,21 3,23 1,24 p}
{0 7,1 5,3 10,4 4,7 1,8 1,10 14,12 1,20 1,21 1,23 4,24 p}
{0 4,1 1,3 17,4 1,7 2,9 1,10 4,13 1,14 1,15 3,23 4,24 p}
{0 1,1 2,3 11,7 1,8 1,10 2,23 4,24 p}
{0 9,3 16,5 3,10 4,11 1,17 1,19 2,20 1,21 2,24 p}
{0 3,1 1,2 1,3 19,4 2,8 1,9 1,10 3,12 1,13 2,15 4,19 2,21 3,23 5,24 p}
{0 3,1 3,3 18,4 2,5 1,9 1,10 1,14 1,15 2,17 1,20 1,23 7,24 p}
{0 4,1 3,3 17,4 4,5 2,7 2,8 2,10 1,12 1,13 1,14 2,15 1,17 1,19 2,21 1,23 4,24 p}
{0 4,1 3,3 15,4 1,9 1,10 1,11 1,13 2,14 3,15 1,17 1,19 1,21 1,23 1,24 p}
{0 4,1 1,3 19,4 1,7 1,9 1,10 3,11 1,13 1,15 2,17 1,23 2,24 p}
{0 6,1 2,3 18,4 1,5 1,7 2,9 1,10 1,14 2,15 3,20 2,23 3,24 p}
{0 7,3 17,10 7,12 1,13 1,15 2,23 2,24 p}
{0 2,1 1,3 14,5 1,10 10,14 3,21 1,23 2,24 p}
{0 2,1 4,3 18,4 2,10 4,12 1,21 1,23 5,24 p}
{0 8,1 1,3 20,5 1,8 1,10 1,15 2,19 1,21 1,23 1,24 p}
{0 2,1 6,2 1,3 16,4 2,8 2,10 6,13 1,14 2,15 1,17 1,21 1,22 1,23 7,24 p}
{0 6,1 2,3 12,4 5,10 1,12 1,13 1,18 1,20 2,21 1,23 2,24 p}
{0 5,1 2,3 17,4 1,7 1,8 1,10 3,12 1,15 1,16 2,23 2,24 p}
{0 5,1 2,2 1,3 10,4 1,5 2,10 5,12 2,17 1,21 3,22 2,23 7,24 pp}
{0 3,1 2,2 1,3 14,9 1,10 5,12 1,14 1,17 1,18 2,19 1,22 1,23 2,24 pp}
{0 2,1 7,3 11,10 5,20 1,21 1,22 1,23 7,24 pp}
{1 2,3 9,10 11,11 1,15 3,16 1,17 2,18 1,20 1,21 1,23 3,24 pp}
{0 1,1 6,3 9,5 1,8 1,10 7,14 7,15 1,16 1,17 1,21 1,22 2,23 4,24 pp}
{0 1,1 7,3 18,8 1,10 3,11 1,14 4,15 2,17 3,21 2,22 5,23 4,24 pp}
{0 2,1 3,3 14,8 2,10 8,13 1,15 1,17 3,19 4,21 2,22 3,23 1,24 pp}
{0 4,1 4,3 23,5 1,10 1,14 1,15 2,19 1,20 1,21 1,22 1,23 6,24 pp}
{0 5,1 3,3 25,4 1,5 2,7 2,10 1,16 2,17 1,21 1,23 4,24 pp}
{0 3,1 2,3 20,10 6,14 2,15 1,17 1,21 2,22 3,23 6,24 pp}
{1 4,3 10,5 1,9 1,10 13,11 1,13 1,14 1,15 1,19 1,20 2,21 1,23 1,24 pp}
{1 1,3 7,8 1,10 4,11 1,14 2,15 1,17 1,21 3,22 1,23 2,24 pp}
{0 3,1 4,3 8,10 8,14 5,15 2,17 1,18 1,22 2,23 1,24 pp}
{0 1,1 3,3 13,4 1,5 2,10 10,14 3,15 2,19 2,22 2,23 7,24 pp}
{0 4,3 20,7 1,8 1,10 5,15 2,23 2,24 pp}
{0 3,1 1,3 13,8 1,10 3,14 2,15 1,18 1,20 1,22 2,23 7,24 pp}
{0 5,1 4,3 12,4 1,7 1,10 4,14 3,15 1,22 1,23 2,24 pp}
{0 7,1 5,3 11,7 1,10 4,11 1,12 1,15 3,16 1,21 1,22 1,23 8,24 pp}
{0 3,1 1,3 10,4 1,10 6,11 1,14 1,17 1,21 1,22 1,23 6,24 pp}
{0 4,1 3,3 12,10 6,17 1,18 2,21 1,23 2,24 pp}
{0 1,1 6,3 17,4 1,10 4,14 1,15 1,18 2,21 1,22 1,23 5,24 pp}
{0 4,1 5,3 9,4 1,7 1,8 1,10 7,13 1,14 2,20 1,21 2,23 4,24 pp}
{0 3,1 4,3 13,5 1,10 6,17 1,21 2,23 4,24 q}
{0 4,1 1,3 14,10 1,15 2,20 1,23 8,24 q}
{0 3,3 12,4 2,7 2,9 1,10 2,12 2,15 5,19 2,20 1,22 2,23 2,24 q}
{0 5,1 1,3 9,4 2,9 1,10 6,11 1,15 3,19 1,20 2,23 5,24 q}
{0 4,1 1,3 5,4 2,10 6,11 1,13 1,14 1,15 1,17 2,19 1,23 3,24 q}
{0 3,1 2,3 10,4 2,5 1,6 1,10 5,15 3,17 1,23 3,24 q}
{0 5,3 11,4 1,5 1,9 1,10 2,15 3,17 1,23 7,24 q}
{0 5,1 2,3 9,5 1,9 1,10 2,15 8,18 1,19 1,20 1,22 1,23 4,24 q}
{0 4,1 1,3 11,8 1,10 9,13 1,14 1,15 2,17 2,19 1,22 1,23 3,24 q}
{0 10,1 2,3 14,4 2,8 1,10 8,19 1,21 2,23 4,24 q}
{0 4,3 9,5 1,10 8,13 1,15 3,17 1,20 1,21 3,23 6,24 q}
{0 5,3 13,4 4,6 1,10 5,13 1,14 1,15 2,17 1,23 5,24 q}
{0 3,3 8,4 3,5 1,6 2,10 3,12 1,13 3,14 1,15 3,21 1,23 3,24 q}
{0 1,1 2,3 8,4 1,8 1,10 7,12 1,13 1,14 1,15 3,23 5,24 q}
{0 2,1 3,3 10,7 1,10 15,14 1,15 1,16 1,19 2,20 1,23 3,24 q}
{0 5,1 1,2 1,3 15,4 1,5 1,8 2,10 2,13 2,21 1,23 3,24 qq}
{0 5,1 3,3 20,8 2,10 1,14 1,15 2,17 2,19 1,23 17,24 qq}
{0 5,1 1,2 1,3 15,4 1,10 5,15 2,16 1,17 1,19 1,20 1,21 1,23 3,24 qq}
{0 5,3 17,5 1,10 5,17 3,20 2,21 1,23 5,24 qq}
{0 6,1 1,2 1,3 18,5 1,7 1,10 4,13 1,15 2,17 1,18 1,19 1,23 4,24 qq}
{0 5,1 1,3 17,5 2,7 1,10 2,16 1,17 1,20 3,23 4,24 qq}
{0 3,1 2,3 24,4 1,7 2,8 1,10 2,13 1,15 1,16 1,17 1,20 1,21 1,23 1,24 qq}
{0 7,1 1,3 25,4 2,10 2,13 1,15 1,16 2,17 1,19 1,20 1,23 7,24 qq}
{0 7,1 2,3 30,15 1,16 1,23 2,24 qq}
{0 4,3 21,7 1,8 1,10 5,11 1,13 2,17 1,20 1,23 6,24 qq}
{0 3,3 34,10 4,12 1,13 1,15 1,20 1,23 2,24 qq}
{0 1,2 1,3 13,5 1,10 4,13 1,15 1,16 1,17 2,19 1,20 2,21 1,23 2,24 qq}
{0 7,1 2,3 15,4 1,7 1,8 1,10 3,13 1,15 1,16 1,17 2,21 1,23 3,24 qq}
{0 12,1 1,3 23,4 3,16 1,17 1,19 1,20 2,23 2,24 qq}
{0 7,1 1,3 23,14 1,15 1,19 1,20 1,23 3,24 qq}
{0 6,3 17,5 1,10 1,13 1,15 1,17 1,20 1,21 1,23 3,24 qq}
{0 7,1 2,3 20,8 1,10 3,23 3,24 qq}
{0 4,3 24,8 1,10 1,20 2,23 7,24 qq}
{0 4,1 1,3 27,8 1,10 3,13 4,15 1,20 2,23 7,24 qq}
{0 7,3 21,8 1,10 3,13 2,21 1,23 5,24 qq}
{0 11,1 1,3 16,10 3,15 1,16 1,20 2,23 4,24 qq}
{0 2,3 20,4 1,10 4,11 2,16 1,21 1,23 2,24 qq}
{0 3,1 1,3 29,5 2,10 3,13 1,20 3,23 4,24 qq}
{0 1,1 1,3 18,5 2,8 1,10 1,12 1,13 2,14 1,21 1,22 4,23 8,24 rr}
{0 2,1 5,3 14,4 1,5 1,10 3,12 1,16 1,18 1,21 3,22 2,23 7,24 rr}
{3 21,10 9,15 2,17 1,19 2,21 1,23 4,24 rr}
{0 6,3 22,8 2,10 7,15 3,19 4,22 1,23 5,24 rr}
{0 1,1 1,3 18,4 1,9 1,10 10,15 2,19 6,21 4,23 7,24 rr}
{0 7,3 23,9 1,15 2,17 4,19 1,20 1,23 3,24 rr}
{0 1,3 16,10 5,15 1,19 2,23 8,24 rr}
{3 23,5 3,10 9,14 3,19 2,22 1,23 9,24 rr}
{1 2,3 16,4 2,10 6,14 2,15 3,17 1,19 2,20 1,21 2,23 6,24 rr}
{0 3,1 3,3 14,7 2,10 8,13 1,17 1,19 1,21 1,23 6,24 rr}
{0 4,1 1,3 19,4 1,5 2,10 4,14 1,15 1,19 3,20 1,21 3,23 3,24 rr}
{0 3,1 2,3 30,10 6,11 1,14 1,15 1,18 1,19 2,21 1,23 6,24 rr}
{0 2,1 1,3 17,5 1,10 8,19 1,23 4,24 rr}
{3 16,8 1,10 8,15 3,17 1,19 5,20 1,22 1,23 5,24 rr}
{0 2,3 7,8 2,10 17,14 1,15 1,19 3,21 1,23 7,24 s}
{0 10,1 3,3 7,4 1,10 15,11 2,14 2,15 7,17 1,19 1,20 1,23 9,24 s}
{0 2,1 1,3 8,4 3,8 1,10 15,14 1,15 3,16 1,17 1,19 1,21 1,23 3,24 s}
{0 4,1 3,3 6,4 2,10 14,11 2,14 5,15 6,17 2,23 7,24 s}
{0 6,1 2,3 5,4 1,10 16,14 3,15 6,17 1,19 1,23 5,24 s}
{0 4,1 3,3 6,4 1,10 14,11 2,14 3,15 5,17 1,23 4,24 s}
{0 5,1 2,3 17,4 3,9 1,10 14,15 1,17 1,18 1,19 2,23 4,24 s}
{0 3,1 3,3 4,8 2,10 7,14 1,15 3,16 2,17 1,19 1,20 1,21 1,22 1,23 5,24 s}
{0 3,1 2,3 5,4 3,10 14,13 1,14 3,19 3,21 1,22 2,23 7,24 s}
{0 6,1 1,3 6,4 2,7 1,8 1,10 15,14 1,15 4,17 2,18 1,19 3,21 2,22 1,23 4,24 s}
{0 10,1 1,3 13,7 1,8 1,10 15,15 2,22 1,23 5,24 s}
{0 3,1 1,3 13,4 1,8 1,10 16,14 1,15 2,19 2,23 3,24 s}
{0 5,3 11,4 1,8 1,10 12,15 6,17 4,18 1,21 1,23 3,24 s}
{0 3,2 1,3 15,6 1,10 8,13 2,14 1,15 2,17 4,18 1,19 1,22 1,23 3,24 s}
{0 4,1 3,3 15,10 12,13 1,14 1,15 1,18 1,19 3,21 2,23 5,24 ss}
{0 3,1 2,3 9,4 2,8 2,10 15,13 4,15 2,18 1,19 2,23 1,24 ss}
{0 2,1 4,3 9,4 1,5 2,8 1,10 17,14 1,15 1,17 2,19 3,21 1,23 2,24 ss}
{0 1,3 5,4 2,5 2,10 18,13 1,14 1,15 1,23 4,24 ss}
{0 2,1 1,3 7,4 1,5 2,8 2,10 14,13 1,14 2,15 1,21 2,23 4,24 ss}
{0 3,1 3,3 10,4 1,5 1,7 1,8 1,10 16,13 1,14 1,15 1,19 3,21 1,22 1,23 4,24 ss}
{0 2,1 8,3 21,10 8,14 1,19 1,21 1,22 1,23 2,24 ss}
{0 2,1 10,3 4,5 3,10 10,13 2,14 6,18 1,21 1,23 7,24 ss}
{0 3,1 12,3 15,4 1,7 1,10 9,13 1,14 1,15 2,16 1,17 2,21 2,23 8,24 ss}
{0 3,1 2,3 18,10 3,13 2,15 3,19 4,21 3,22 1,23 8,24 ss}
{0 4,3 19,5 2,10 10,11 1,13 1,14 1,15 2,23 9,24 ss}
{0 6,1 2,3 18,10 5,13 1,15 2,19 1,20 1,21 1,22 1,23 6,24 ss}
{1 2,3 13,5 3,7 1,10 7,14 1,19 1,22 1,23 5,24 ss}
{0 5,1 1,3 11,8 3,10 11,11 1,14 1,15 3,19 1,23 6,24 ss}
{0 4,1 2,3 11,4 1,5 1,6 1,10 14,11 2,14 2,17 1,21 2,22 2,24 ss}
{0 1,1 4,3 11,4 1,10 10,14 2,15 3,17 1,21 1,22 2,23 9,24 t}
{0 2,2 2,3 11,4 4,10 8,14 1,15 1,18 1,19 3,23 6,24 t}
{0 6,1 1,2 1,3 13,4 1,5 1,10 12,14 2,15 3,22 2,23 4,24 t}
{0 3,1 1,2 1,3 16,10 6,11 1,15 1,17 3,22 1,23 6,24 t}
{0 11,2 1,3 12,8 1,10 9,11 2,15 1,17 2,23 4,24 t}
{0 6,1 2,3 21,10 9,11 1,15 1,17 1,21 2,23 2,24 t}
{0 2,1 2,2 1,3 15,4 1,10 8,15 2,19 2,21 1,23 6,24 t}
{0 7,1 2,3 13,4 1,10 12,15 1,17 1,23 2,24 t}
{0 1,1 4,2 1,3 10,10 9,17 1,19 2,22 1,23 4,24 t}
{0 7,2 1,3 16,4 1,8 1,10 10,15 2,17 1,19 1,21 1,23 3,24 t}
{0 2,1 1,3 20,4 1,10 4,12 1,15 4,19 1,21 3,22 2,23 4,24 t}
{0 5,3 12,4 1,10 13,17 1,21 1,23 3,24 t}
{0 6,3 19,4 2,5 2,7 1,8 1,10 3,15 5,17 2,21 2,23 4,24 t}
{0 7,1 1,3 7,4 2,6 1,10 5,15 1,17 1,24 u}
{0 3,1 4,3 10,4 1,6 1,8 1,10 8,15 2,17 1,22 1,23 4,24 u}
{0 4,1 2,3 13,4 1,6 1,10 6,14 1,15 1,17 1,18 1,19 1,20 1,21 1,23 1,24 u}
{0 7,3 4,5 1,6 1,8 2,9 1,10 6,13 2,15 6,23 3,24 u}
{0 4,1 1,2 1,3 10,10 4,13 1,15 2,16 1,17 2,19 1,23 4,24 u}
{0 4,1 3,3 8,7 1,10 8,13 1,14 2,15 4,17 3,18 3,21 2,23 3,24 u}
{0 5,3 8,4 1,5 1,8 1,10 9,11 2,14 1,15 3,19 2,20 1,21 1,23 4,24 u}
{0 7,1 5,3 7,4 2,8 1,10 9,11 1,13 1,14 1,15 1,17 1,18 2,21 2,23 4,24 u}
{0 5,3 16,4 2,10 4,13 1,14 1,15 1,17 1,21 1,23 7,24 u}
{0 5,1 2,3 12,4 1,8 1,10 11,23 7,24 u}
{0 7,3 9,10 2,12 1,13 1,19 1,21 3,22 3,23 4,24 u}
{0 7,1 1,2 1,3 5,4 3,7 1,10 7,11 3,21 1,23 2,24 u}
{0 6,1 1,2 1,3 6,4 1,5 1,8 1,9 2,10 6,15 2,19 1,21 4,23 2,24 u}
{0 4,1 1,3 14,8 2,10 4,12 1,19 2,21 1,23 1,24 u}
{0 9,1 3,2 1,3 15,4 1,6 1,7 1,10 7,11 1,23 9,24 u}
{0 3,1 2,3 20,7 1,10 5,12 1,14 1,19 1,21 1,23 3,24 uu}
{0 3,1 4,3 10,10 10,17 1,20 1,21 1,23 5,24 uu}
{0 9,1 1,3 13,9 1,10 3,14 1,15 1,17 3,23 3,24 uu}
{0 2,1 2,3 10,4 1,7 1,8 1,10 9,14 1,15 1,17 2,20 1,21 5,23 3,24 uu}
{0 6,1 3,3 11,10 2,14 2,15 1,17 3,21 1,23 1,24 uu}
{0 5,1 6,3 18,10 1,15 1,20 3,24 uu}
{0 3,1 3,3 23,6 1,8 3,10 10,20 1,21 2,22 1,23 1,24 uu}
{0 9,1 6,3 19,4 1,6 1,10 7,13 1,17 1,19 2,21 5,22 1,23 9,24 uu}
{0 6,1 3,3 19,5 1,8 2,10 5,15 2,17 2,21 3,22 2,23 5,24 uu}
{0 7,1 2,3 22,8 1,10 10,15 2,18 1,19 1,20 1,23 5,24 uu}
{0 5,1 5,3 13,8 1,10 4,12 2,14 6,15 1,16 1,20 1,21 1,22 2,23 2,24 uu}
{0 2,1 3,3 15,5 1,10 4,15 2,18 1,19 2,21 1,23 1,24 uu}
{0 7,1 3,3 21,10 8,13 1,21 2,23 5,24 uu}
{0 4,1 1,3 14,4 1,8 1,10 5,12 1,14 1,15 6,17 1,20 2,21 2,23 3,24 uu}
{0 4,3 20,4 3,10 6,12 1,15 1,17 2,19 1,20 2,21 2,23 6,24 uu}
{0 6,1 2,3 8,4 4,5 1,7 2,10 4,14 2,15 1,17 5,19 2,20 2,21 1,22 1,23 6,24 uu}
{0 3,1 2,3 12,4 2,10 11,14 2,15 1,16 1,17 2,19 1,21 1,23 3,24 uu}
{0 3,1 1,2 1,3 19,4 1,5 1,8 1,10 3,14 1,15 3,21 1,22 1,23 2,24 uu}
{0 5,1 2,3 9,5 1,10 7,15 1,17 1,21 6,23 1,24 ww}
{0 7,3 6,4 2,10 10,13 1,15 1,17 1,20 1,21 3,22 1,23 9,24 ww}
{0 9,1 1,3 7,4 2,5 1,10 11,15 2,19 1,21 3,23 2,24 ww}
{0 4,1 1,2 1,3 11,4 1,10 7,13 1,23 6,24 ww}
{0 6,3 9,10 11,12 1,15 1,17 4,19 1,20 4,22 1,23 6,24 ww}
{0 4,1 2,2 1,3 8,10 6,11 1,13 1,14 3,15 1,19 1,20 2,23 2,24 ww}
{0 2,1 1,3 13,4 2,5 1,10 3,11 1,14 1,15 1,20 1,21 1,23 5,24 ww}
{0 5,1 1,2 1,3 19,8 3,10 4,14 1,15 1,18 1,19 4,20 1,21 1,23 3,24 ww}
{0 5,3 12,8 1,10 3,13 1,14 1,17 5,19 2,21 1,23 3,24 ww}
{0 5,1 1,3 11,4 2,10 7,11 1,13 2,15 4,21 1,23 7,24 ww}
{0 1,1 1,3 16,8 2,10 8,14 1,16 1,17 1,21 1,23 3,24 ww}
{0 6,1 1,3 10,8 1,10 11,15 1,23 9,24 ww}
{0 4,1 2,3 17,7 1,8 1,10 6,12 1,13 1,16 1,23 3,24 ww}
{0 6,1 3,3 19,4 2,5 1,10 4,13 4,14 3,16 1,18 1,23 1,24 ww}
{0 9,1 2,3 8,10 8,11 1,13 3,15 1,23 4,24 ww}
{0 2,1 4,3 26,4 1,5 1,10 2,15 1,17 2,23 6,24 x}
{0 5,1 3,2 1,3 18,5 1,10 6,14 1,17 1,19 1,23 7,24 x}
{0 1,1 1,3 17,10 8,15 4,19 1,20 1,23 4,24 x}
{0 3,1 6,2 2,3 18,9 1,10 5,15 4,17 1,19 1,22 1,24 x}
{0 5,1 2,3 18,10 3,15 1,21 1,23 1,24 x}
{0 7,1 4,3 20,5 1,10 2,11 1,13 1,14 1,15 1,19 1,23 7,24 x}

Calculating InfoGain on the training set's features
===================================================
Features InfoGain score (non-zero only):
----------------------------------------

Feature-type breakdown:
-----------------------
> Conjunctions   0.000000 (NaN%)

done!

2013-04-02, 16:11:51 Starting 10-folds cross-validation on training corpus phase...

================================================================================

Running analysis with classifier 1 out of 1:
> Classifier: weka.classifiers.functions.SMO
> Options:    -C 1.0 -L 0.001 -P 1.0E-12 -N 0 -V -1 -W 1 -K weka.classifiers.functions.supportVector.PolyKernel -C 250007 -E 1.0 

2013-04-02, 16:11:51 Starting cross validation...
2013-04-02, 16:12:19 done!

=== Summary ===

Correctly Classified Instances         107               27.2959 %
Incorrectly Classified Instances       285               72.7041 %
Kappa statistic                          0.2377
Mean absolute error                      0.0751
Root mean squared error                  0.1929
Relative absolute error                 97.9279 %
Root relative squared error             98.5375 %
Total Number of Instances              392     

=== Detailed Accuracy By Class ===

               TP Rate   FP Rate   Precision   Recall  F-Measure   ROC Area  Class
                 0.158     0.056      0.125     0.158     0.14       0.741    bb
                 0.111     0.048      0.1       0.111     0.105      0.668    cc
                 0         0.021      0         0         0          0.606    ff
                 0.5       0.04       0.375     0.5       0.429      0.843    h
                 0.45      0.038      0.391     0.45      0.419      0.805    hh
                 0.133     0.016      0.25      0.133     0.174      0.725    j
                 0.067     0.011      0.2       0.067     0.1        0.788    jj
                 0         0.011      0         0         0          0.484    l
                 0.462     0.005      0.75      0.462     0.571      0.82     ll
                 0.143     0.021      0.2       0.143     0.167      0.772    m
                 0.143     0.021      0.2       0.143     0.167      0.872    mm
                 0.231     0.011      0.429     0.231     0.3        0.776    nn
                 0.267     0.019      0.364     0.267     0.308      0.851    o
                 0.45      0.081      0.231     0.45      0.305      0.73     p
                 0.5       0.141      0.175     0.5       0.259      0.733    pp
                 0.267     0.019      0.364     0.267     0.308      0.767    q
                 0.696     0.057      0.432     0.696     0.533      0.939    qq
                 0.5       0.013      0.583     0.5       0.538      0.815    rr
                 0.571     0.021      0.5       0.571     0.533      0.888    s
                 0.333     0.011      0.556     0.333     0.417      0.823    ss
                 0.077     0.024      0.1       0.077     0.087      0.788    t
                 0         0.011      0         0         0          0.679    u
                 0.111     0.043      0.111     0.111     0.111      0.673    uu
                 0.067     0.027      0.091     0.067     0.077      0.608    ww
                 0         0          0         0         0          0.646    x
Weighted Avg.    0.273     0.035      0.265     0.273     0.254      0.759

=== Confusion Matrix ===

  a  b  c  d  e  f  g  h  i  j  k  l  m  n  o  p  q  r  s  t  u  v  w  x  y   <-- classified as
  3  0  0  1  0  0  0  0  0  0  1  0  0  2  6  0  3  1  0  0  1  0  0  1  0 |  a = bb
  0  2  0  0  0  1  1  0  0  0  2  0  2  5  2  0  0  0  0  0  0  0  3  0  0 |  b = cc
  1  0  0  1  1  0  0  0  0  1  0  1  0  1  2  1  1  0  1  0  0  2  0  1  0 |  c = ff
  1  2  0  9  0  0  1  0  0  0  0  0  0  0  1  0  2  0  0  0  0  0  1  1  0 |  d = h
  1  1  0  0  9  0  0  0  0  0  1  1  0  1  4  0  0  0  1  0  1  0  0  0  0 |  e = hh
  0  0  0  0  0  2  0  0  1  0  0  1  1  0  3  1  1  0  2  1  1  0  1  0  0 |  f = j
  0  0  0  3  0  0  1  0  0  1  0  0  0  6  1  0  2  0  0  0  0  0  1  0  0 |  g = jj
  2  2  0  1  0  0  1  0  0  0  0  1  1  1  2  0  1  0  0  1  1  0  0  0  0 |  h = l
  0  0  1  0  0  0  0  0  6  0  0  0  0  0  3  0  0  0  0  0  0  0  2  1  0 |  i = ll
  2  0  1  1  0  0  0  0  0  2  0  0  0  3  4  0  1  0  0  0  0  0  0  0  0 |  j = m
  0  1  0  0  4  1  0  0  0  0  2  0  0  1  1  0  0  0  0  0  3  0  1  0  0 |  k = mm
  1  1  1  0  3  0  0  0  0  0  0  3  0  0  2  0  0  1  1  0  0  0  0  0  0 |  l = nn
  0  1  0  0  0  1  0  2  0  0  1  0  4  2  3  0  0  0  0  0  0  0  1  0  0 |  m = o
  1  0  0  0  0  0  1  1  0  0  0  0  1  9  3  0  2  0  0  0  0  0  0  2  0 |  n = p
  0  1  1  1  1  0  0  0  0  0  0  0  0  1 11  0  2  2  1  1  0  0  0  0  0 |  o = pp
  0  2  1  1  0  0  0  0  0  0  0  0  0  2  1  4  1  0  0  0  0  1  0  2  0 |  p = q
  3  0  0  0  0  0  0  0  0  1  0  0  0  1  0  0 16  0  0  0  0  0  1  1  0 |  q = qq
  2  0  0  0  0  0  0  0  0  0  0  0  0  1  3  0  1  7  0  0  0  0  0  0  0 |  r = rr
  0  0  1  0  1  0  0  0  0  0  1  0  0  0  1  0  0  0  8  1  0  1  0  0  0 |  s = s
  0  0  1  0  1  1  0  0  0  1  0  0  1  0  2  0  1  1  1  5  0  0  0  0  0 |  t = ss
  2  1  1  1  1  0  0  0  0  1  2  0  0  0  2  0  0  0  0  0  1  0  1  0  0 |  u = t
  2  2  0  1  1  1  0  0  0  1  0  0  0  1  1  3  0  0  0  0  0  0  1  1  0 |  v = u
  0  3  0  2  1  0  0  1  1  0  0  0  0  0  5  0  1  0  1  0  1  0  2  0  0 |  w = uu
  1  1  0  2  0  1  0  0  0  1  0  0  0  2  0  1  1  0  0  0  1  0  3  1  0 |  x = ww
  2  0  0  0  0  0  0  0  0  1  0  0  1  0  0  1  1  0  0  0  0  0  0  0  0 |  y = x

