============================ JStylo Analysis Output ============================
Started analysis on 2013-04-02, 16:11:24
Running 10-folds cross validation on training corpus

Training corpus:
> aa (14 documents)
> b (17 documents)
> hh (20 documents)
> i (14 documents)
> ll (13 documents)
> mm (14 documents)
> n (13 documents)
> nn (13 documents)
> o (15 documents)
> p (20 documents)
> pp (22 documents)
> rr (14 documents)
> s (14 documents)
> ss (15 documents)
> t (13 documents)
> u (15 documents)
> uu (18 documents)
> w (14 documents)
> ww (15 documents)
> z (13 documents)

Feature set: Conjunctionss only:
> Conjunctions

Classifiers used:
> weka.classifiers.functions.SMO                    	-C 1.0 -L 0.001 -P 1.0E-12 -N 0 -V -1 -W 1 -K weka.classifiers.functions.supportVector.PolyKernel -C 250007 -E 1.0 

================================================================================

2013-04-02, 16:11:24 Extracting features from training corpus (using sparse representation)...
2013-04-02, 16:11:27 done!

Training corpus features (ARFF):
================================
@relation JStylo

@attribute 'Conjunctions-1{as}' numeric
@attribute 'Conjunctions-2{or}' numeric
@attribute 'Conjunctions-3{and}' numeric
@attribute 'Conjunctions-4{so}' numeric
@attribute 'Conjunctions-5{although}' numeric
@attribute 'Conjunctions-6{where}' numeric
@attribute 'Conjunctions-7{nor}' numeric
@attribute 'Conjunctions-8{before}' numeric
@attribute 'Conjunctions-9{while}' numeric
@attribute 'Conjunctions-10{yet}' numeric
@attribute 'Conjunctions-11{that}' numeric
@attribute 'Conjunctions-12{since}' numeric
@attribute 'Conjunctions-13{once}' numeric
@attribute 'Conjunctions-14{after}' numeric
@attribute 'Conjunctions-15{but}' numeric
@attribute 'Conjunctions-16{if}' numeric
@attribute 'Conjunctions-17{until}' numeric
@attribute 'Conjunctions-18{than}' numeric
@attribute 'Conjunctions-19{whether}' numeric
@attribute 'Conjunctions-20{because}' numeric
@attribute 'Conjunctions-21{though}' numeric
@attribute 'Conjunctions-22{when}' numeric
@attribute 'Conjunctions-23{how}' numeric
@attribute 'Conjunctions-24{for}' numeric
@attribute authorName {aa,b,hh,i,ll,mm,n,nn,o,p,pp,rr,s,ss,t,u,uu,w,ww,z}

@data
{0 11,1 11,2 20,3 2,4 1,5 1,8 1,10 8,14 2,15 1,17 1,19 1,22 1,23 5}
{0 3,1 2,2 20,3 1,8 1,10 6,14 4,19 3,22 1,23 1}
{0 5,2 18,3 1,10 12,13 1,14 1,15 1,17 1,19 5,21 4}
{0 2,1 1,2 12,8 1,10 4,14 2,15 2,16 1,17 1,19 3,21 1,22 2,23 5}
{0 8,1 2,2 15,3 2,8 2,10 10,14 2,17 2,19 5,21 1,23 8}
{0 6,2 15,3 3,5 1,7 1,9 1,10 10,14 5,15 3,16 1,17 1,19 1,21 1,22 1,23 4}
{0 1,1 1,2 23,3 1,5 1,7 1,10 12,11 2,14 5,19 2,21 3,22 6,23 4}
{0 3,1 2,2 18,10 3,11 1,13 1,14 2,15 1,21 2}
{0 2,1 1,2 19,10 5,13 1,14 2,15 1,17 3,19 1,22 1,23 3}
{0 3,2 19,5 2,10 2,13 2,14 1,17 2,19 2,20 1,23 3}
{0 7,1 4,2 19,10 3,11 1,14 3,15 1,19 2,23 7}
{0 4,1 1,2 13,3 2,10 13,13 1,14 1,15 2,17 3,19 1,21 1,22 2,23 4}
{0 3,1 1,2 20,3 2,4 1,7 1,10 12,14 4,15 1,19 1,22 1,23 5}
{0 5,2 11,3 1,4 1,5 2,8 2,10 12,13 2,14 3,15 1,16 1,19 1,21 2,22 2,23 2}
{0 8,1 2,2 18,4 1,5 1,10 8,12 1,22 1,23 1,24 b}
{0 3,1 5,2 10,3 1,5 1,10 4,12 1,15 1,22 2,23 6,24 b}
{0 5,1 1,2 20,3 1,10 8,12 3,15 2,18 1,21 2,22 1,24 b}
{0 1,2 13,3 1,6 1,10 9,14 1,15 1,17 2,19 2,23 3,24 b}
{0 9,1 4,2 11,3 1,10 10,11 1,12 1,13 1,15 2,17 1,18 1,19 1,21 1,22 1,24 b}
{0 3,1 3,2 10,9 1,10 6,11 1,12 1,15 4,17 1,18 1,19 1,21 4,22 1,23 3,24 b}
{0 3,1 4,2 7,4 1,5 1,10 13,14 2,15 1,17 1,18 1,21 1,23 2,24 b}
{0 4,1 6,2 8,5 1,10 8,14 1,15 1,19 2,22 2,23 4,24 b}
{1 9,2 11,5 1,6 1,10 13,11 1,13 1,15 1,18 2,21 1,22 1,23 2,24 b}
{0 6,1 4,2 8,5 1,10 14,14 2,15 2,18 1,21 2,22 1,23 1,24 b}
{0 4,1 1,2 15,5 1,6 1,8 1,10 10,11 2,12 1,13 1,14 1,15 2,19 2,23 5,24 b}
{0 5,1 3,2 20,5 1,10 9,11 2,14 2,15 2,21 2,22 2,23 2,24 b}
{0 6,1 6,2 16,5 1,10 13,11 2,12 2,14 1,16 1,19 1,22 5,23 1,24 b}
{0 10,1 5,2 15,5 1,10 16,12 1,13 4,14 1,15 3,19 1,23 4,24 b}
{0 1,1 8,2 17,3 2,5 3,10 17,11 1,15 2,21 1,23 2,24 b}
{0 7,1 1,2 12,6 1,10 12,11 2,13 1,15 3,17 1,20 2,21 1,22 2,23 5,24 b}
{0 5,1 1,2 14,3 1,10 8,15 1,19 1,21 1,22 1,23 10,24 b}
{0 3,1 2,2 19,3 1,4 1,7 1,10 13,11 1,13 1,14 5,15 1,17 2,18 1,19 3,21 1,22 1,23 3,24 hh}
{0 7,1 1,2 18,7 2,10 14,11 1,14 2,19 1,20 1,21 2,22 3,23 2,24 hh}
{0 2,2 13,3 2,4 1,10 22,14 2,17 1,19 1,20 1,21 3,22 2,23 6,24 hh}
{0 3,1 1,2 16,3 7,8 1,10 16,13 3,14 1,15 3,16 1,17 1,19 1,21 1,22 2,23 5,24 hh}
{0 17,1 2,2 18,3 3,5 1,8 2,10 6,14 3,17 1,19 6,20 2,21 7,22 1,23 1,24 hh}
{0 6,1 3,2 23,3 2,10 13,14 2,15 2,16 1,19 3,20 1,21 1,22 5,23 2,24 hh}
{0 2,1 3,2 14,3 5,8 2,10 16,14 2,15 2,19 1,21 1,22 3,23 4,24 hh}
{0 3,1 7,2 14,3 3,10 11,14 7,15 2,19 1,20 1,21 3,22 3,23 4,24 hh}
{0 3,2 18,3 5,4 1,7 1,9 2,10 19,13 1,14 3,19 1,21 4,22 2,23 2,24 hh}
{1 3,2 15,3 5,4 1,7 1,9 1,10 9,14 1,15 1,16 2,19 1,22 4,23 2,24 hh}
{0 8,1 3,2 16,3 1,4 1,10 9,11 1,13 1,14 2,17 1,19 1,21 2,22 2,24 hh}
{0 2,1 1,2 11,5 1,10 8,20 1,22 1,23 8,24 hh}
{0 2,1 2,2 10,10 10,14 2,15 1,17 3,23 3,24 hh}
{0 1,1 6,2 11,3 1,10 7,11 2,12 1,17 1,21 1,22 2,23 2,24 hh}
{0 2,1 1,2 15,4 1,5 1,10 4,11 1,15 1,17 2,19 1,21 1,23 4,24 hh}
{0 1,1 4,2 10,3 1,5 1,7 1,8 1,10 7,14 1,15 1,17 1,22 2,23 7,24 hh}
{0 1,1 1,2 15,3 1,10 12,14 4,15 1,17 3,19 2,21 1,22 1,23 5,24 hh}
{0 2,2 15,3 2,8 1,10 13,14 1,17 2,19 2,22 1,23 5,24 hh}
{0 2,1 3,2 15,3 1,5 1,10 5,11 3,17 1,19 1,21 1,22 2,23 5,24 hh}
{0 3,1 2,2 14,3 4,10 8,11 1,12 1,13 1,14 2,15 1,17 1,18 1,19 1,20 1,21 1,23 1,24 hh}
{0 1,1 1,2 12,3 1,10 13,11 1,12 2,13 1,14 1,15 2,17 2,19 1,21 1,23 4,24 i}
{0 6,1 4,2 19,4 1,10 11,12 1,13 1,15 1,19 1,21 2,23 3,24 i}
{0 5,1 5,2 13,7 1,8 1,10 13,15 1,16 1,17 3,19 1,21 3,22 1,24 i}
{0 6,1 3,2 19,5 1,10 8,14 3,15 2,16 1,17 2,19 1,20 1,22 1,23 2,24 i}
{0 4,1 3,2 15,3 1,10 8,13 4,15 2,17 2,19 6,20 1,22 2,23 3,24 i}
{0 2,1 1,2 7,3 1,4 1,7 1,8 2,10 6,12 1,13 1,14 4,15 7,19 1,21 3,23 5,24 i}
{0 5,1 2,2 17,3 1,4 1,10 9,13 3,14 1,15 5,18 1,19 1,21 3,23 3,24 i}
{0 2,1 1,2 9,4 1,10 15,11 1,13 3,14 5,15 3,19 1,21 3,22 1,23 3,24 i}
{0 5,1 7,2 20,4 2,8 3,10 12,14 1,15 1,18 1,19 2,21 1,22 2,23 4,24 i}
{0 4,1 5,2 24,4 1,10 7,15 1,17 4,19 2,21 2,22 3,24 i}
{0 5,1 10,2 19,4 1,8 2,10 4,11 1,14 1,15 1,17 1,22 2,23 5,24 i}
{0 4,2 25,8 3,10 10,13 1,17 1,19 2,22 1,23 7,24 i}
{0 9,1 2,2 19,3 1,10 11,14 2,15 2,19 2,21 2,22 1,23 5,24 i}
{0 19,1 1,2 21,3 2,8 1,10 8,14 2,15 3,19 3,20 1,23 9,24 i}
{0 3,2 25,3 1,10 4,14 1,21 1,22 2,23 3,24 ll}
{0 8,1 1,2 19,3 1,7 1,8 2,10 3,13 1,15 3,17 2,19 1,21 1,23 3,24 ll}
{0 7,1 1,2 16,3 1,5 1,7 1,10 1,14 8,15 1,16 1,19 1,20 3,21 1,23 4,24 ll}
{0 8,2 12,3 1,10 8,11 1,13 1,14 2,17 1,19 1,20 2,23 6,24 ll}
{0 5,2 18,3 2,10 4,14 6,15 1,20 4,23 4,24 ll}
{0 2,2 16,4 1,8 1,10 7,14 7,15 1,17 1,20 1,22 3,23 3,24 ll}
{0 2,1 1,2 13,3 3,10 9,11 1,14 5,19 1,20 4,21 1,22 3,23 1,24 ll}
{0 7,1 1,2 10,7 2,10 2,13 1,14 7,19 1,20 2,22 3,23 6,24 ll}
{0 7,1 2,2 20,8 1,10 4,12 1,14 4,17 2,20 1,21 1,22 5,23 2,24 ll}
{0 5,1 2,2 18,7 1,10 5,14 3,17 1,22 2,23 5,24 ll}
{0 6,1 3,2 12,3 2,7 1,10 6,14 3,16 1,17 3,20 3,21 2,22 2,23 4,24 ll}
{0 6,1 4,2 18,3 1,10 6,11 1,14 4,15 3,16 1,18 1,20 1,22 1,23 3,24 ll}
{0 6,1 1,2 14,3 1,8 1,10 4,14 7,15 4,17 1,19 1,20 1,21 1,22 1,23 10,24 ll}
{0 7,1 10,2 11,3 1,10 11,14 3,17 1,19 3,21 2,22 1,23 5,24 mm}
{0 9,1 2,2 12,3 1,4 2,10 9,14 3,18 2,19 1,22 1,23 6,24 mm}
{0 2,2 26,3 3,10 10,13 1,14 4,19 1,21 1,22 1,23 4,24 mm}
{0 7,1 1,2 9,10 9,13 1,14 2,15 1,17 1,19 3,22 3,23 3,24 mm}
{0 10,2 38,3 4,5 1,7 1,10 5,14 2,17 2,21 4,22 4,23 5,24 mm}
{0 6,1 2,2 13,3 3,5 2,7 1,10 14,14 2,15 1,19 4,22 1,23 5,24 mm}
{0 4,1 2,2 13,3 1,4 1,10 20,14 2,17 1,19 3,21 1,22 1,23 5,24 mm}
{0 3,1 1,2 21,3 2,4 1,8 1,9 1,10 6,12 1,13 2,14 2,19 2,21 1,23 1,24 mm}
{0 11,1 3,2 19,3 1,5 1,7 1,9 1,10 5,11 1,14 1,18 3,22 2,23 1,24 mm}
{0 4,1 2,2 19,3 2,4 1,7 1,10 14,14 2,17 1,22 2,24 mm}
{0 3,1 3,2 15,3 2,4 1,5 2,10 10,14 1,19 2,23 5,24 mm}
{0 11,1 3,2 24,3 1,10 5,14 4,19 1,22 1,23 8,24 mm}
{0 7,1 1,2 9,3 1,5 1,10 12,14 4,15 1,17 1,20 1,21 3,23 3,24 mm}
{0 6,1 1,2 13,3 1,4 1,5 1,10 13,14 2,19 4,21 2,23 8,24 mm}
{0 4,1 5,2 12,3 1,5 2,10 6,20 1,23 3,24 n}
{0 2,2 10,5 1,10 13,13 1,14 1,19 1,23 2,24 n}
{0 8,2 7,5 2,10 17,14 3,15 2,17 1,18 1,19 1,21 2,23 1,24 n}
{0 6,1 2,2 9,3 1,8 1,10 11,13 1,14 2,15 1,17 2,19 1,21 1,22 3,23 5,24 n}
{0 8,1 1,2 9,3 1,5 1,8 1,9 1,10 7,11 1,14 2,15 2,17 1,20 1,21 2,23 8,24 n}
{0 11,2 7,4 1,5 1,7 1,8 3,10 7,14 1,17 1,18 1,21 1,22 3,23 6,24 n}
{0 7,1 2,2 5,5 1,10 12,13 2,14 1,22 2,23 5,24 n}
{0 6,1 1,2 5,3 2,7 1,10 9,14 1,15 1,18 1,22 1,24 n}
{0 5,1 2,2 7,4 3,10 13,11 1,14 1,18 1,20 1,23 2,24 n}
{0 15,2 8,10 9,14 1,15 1,22 1,23 3,24 n}
{0 6,1 1,2 11,4 1,9 1,10 11,15 1,17 2,21 3,23 2,24 n}
{0 10,2 13,4 2,5 1,8 1,10 4,13 1,14 2,15 1,19 1,23 2,24 n}
{0 2,2 17,4 1,5 1,6 1,10 16,12 1,14 2,16 1,19 2,21 1,23 1,24 n}
{0 3,1 1,2 4,3 1,8 1,10 12,13 2,14 7,15 2,16 1,17 1,20 1,21 1,22 2,23 5,24 nn}
{0 4,1 3,2 13,5 1,6 1,10 7,14 4,15 2,19 1,21 2,22 2,23 8,24 nn}
{0 2,1 4,2 11,10 13,13 1,14 4,15 3,20 1,23 1,24 nn}
{0 3,1 2,2 15,3 3,7 1,10 13,13 1,14 2,15 1,17 1,19 1,20 1,21 1,22 1,23 1,24 nn}
{1 1,2 12,9 1,10 15,11 1,13 1,14 3,16 1,17 2,18 1,20 1,21 2,23 5,24 nn}
{0 6,1 4,2 10,3 1,7 1,8 1,10 7,11 1,14 4,19 1,21 1,22 1,23 2,24 nn}
{0 2,1 5,2 14,3 2,8 1,10 10,13 3,14 2,22 3,23 4,24 nn}
{0 5,1 1,2 22,5 1,8 1,10 10,13 1,14 2,17 1,19 1,22 1,23 5,24 nn}
{0 4,1 2,2 19,3 3,4 1,10 7,13 2,14 2,15 2,19 1,20 2,23 7,24 nn}
{0 7,1 2,2 10,3 3,10 15,14 2,15 2,17 1,23 1,24 nn}
{0 3,1 7,2 6,10 20,13 1,14 1,15 5,16 1,17 1,19 3,20 3,21 1,22 1,23 5,24 nn}
{0 2,1 2,2 13,3 4,5 1,9 1,10 13,13 1,14 5,15 1,16 1,17 4,21 1,22 2,23 3,24 nn}
{0 3,1 2,2 6,3 2,10 16,11 1,14 2,15 2,17 1,19 2,22 1,23 4,24 nn}
{0 5,1 2,2 24,3 2,8 1,9 2,10 5,13 1,14 3,15 1,17 1,20 1,21 1,22 2,23 6,24 o}
{0 5,1 5,2 15,3 1,10 4,13 1,14 2,15 1,17 2,19 1,21 1,22 1,23 4,24 o}
{0 4,1 3,2 12,8 2,10 5,12 1,17 1,19 3,23 3,24 o}
{0 8,1 8,2 16,3 1,5 2,6 1,8 1,10 6,17 1,19 1,23 2,24 o}
{1 3,2 21,5 3,7 1,9 1,10 9,11 1,13 1,14 2,15 1,21 1,22 6,23 3,24 o}
{0 1,1 3,2 22,3 3,5 1,6 1,10 6,15 1,17 1,23 9,24 o}
{0 5,1 2,2 16,4 2,10 6,17 1,19 3,23 4,24 o}
{0 6,1 3,2 15,4 1,5 1,7 1,8 2,9 1,10 4,13 1,15 1,17 1,23 3,24 o}
{0 8,1 11,2 14,4 1,7 1,8 1,10 5,13 1,14 2,15 1,16 1,23 6,24 o}
{0 3,1 10,2 13,4 1,5 1,8 2,10 3,13 1,15 2,17 2,21 1,23 1,24 o}
{0 6,1 6,2 17,3 1,10 10,12 1,14 1,17 2,19 2,21 2,23 7,24 o}
{0 4,1 7,2 15,5 4,8 2,9 2,10 7,15 2,22 5,23 3,24 o}
{0 2,1 7,2 19,3 2,5 1,8 1,10 4,14 2,15 1,17 1,22 6,23 1,24 o}
{0 7,1 8,2 16,6 1,8 4,10 4,14 4,17 1,23 6,24 o}
{0 9,1 6,2 13,3 3,4 1,9 1,10 8,14 1,15 6,22 4,23 2,24 o}
{0 4,2 14,3 4,7 2,10 6,11 1,12 1,14 1,15 1,16 1,17 1,22 1,23 3,24 p}
{0 4,2 15,3 2,5 1,8 2,10 10,11 1,13 1,16 2,17 1,21 2,22 1,23 3,24 p}
{0 4,1 1,2 12,10 9,11 1,13 1,15 3,17 1,20 1,21 3,23 1,24 p}
{0 7,1 5,2 10,3 4,7 1,8 1,10 14,12 1,20 1,21 1,23 4,24 p}
{0 4,1 1,2 17,3 1,7 2,9 1,10 4,13 1,14 3,15 1,23 4,24 p}
{0 1,1 2,2 11,7 1,8 1,10 2,23 4,24 p}
{0 9,2 16,5 3,10 4,11 1,17 1,19 2,20 1,21 2,24 p}
{0 3,1 1,2 19,3 2,4 1,8 1,9 1,10 3,12 1,13 2,14 4,19 2,21 3,23 5,24 p}
{0 3,1 3,2 18,3 2,5 1,9 1,10 1,14 2,15 1,17 1,20 1,23 7,24 p}
{0 4,1 3,2 17,3 4,5 2,7 2,8 2,10 1,12 1,13 1,14 1,15 2,17 1,19 2,21 1,23 4,24 p}
{0 4,1 3,2 15,3 1,9 1,10 1,11 1,13 2,14 1,15 3,17 1,19 1,21 1,23 1,24 p}
{0 4,1 1,2 19,3 1,7 1,9 1,10 3,11 1,13 1,14 2,17 1,23 2,24 p}
{0 6,1 2,2 18,3 1,5 1,7 2,9 1,10 1,14 3,15 2,20 2,23 3,24 p}
{0 7,2 17,10 7,12 1,13 1,14 2,23 2,24 p}
{0 2,1 1,2 14,5 1,10 10,15 3,21 1,23 2,24 p}
{0 2,1 4,2 18,3 2,10 4,12 1,21 1,23 5,24 p}
{0 8,1 1,2 20,5 1,8 1,10 1,14 2,19 1,21 1,23 1,24 p}
{0 2,1 6,2 16,3 2,4 1,8 2,10 6,13 1,14 1,15 2,17 1,21 1,22 1,23 7,24 p}
{0 6,1 2,2 12,3 5,10 1,12 1,13 1,18 1,20 2,21 1,23 2,24 p}
{0 5,1 2,2 17,3 1,7 1,8 1,10 3,12 1,14 1,16 2,23 2,24 p}
{0 5,1 2,2 10,3 1,4 1,5 2,10 5,12 2,17 1,21 3,22 2,23 7,24 pp}
{0 3,1 2,2 14,4 1,9 1,10 5,12 1,15 1,17 1,18 2,19 1,22 1,23 2,24 pp}
{0 2,1 7,2 11,10 5,20 1,21 1,22 1,23 7,24 pp}
{1 2,2 9,10 11,11 1,14 3,16 1,17 2,18 1,20 1,21 1,23 3,24 pp}
{0 1,1 6,2 9,5 1,8 1,10 7,14 1,15 7,16 1,17 1,21 1,22 2,23 4,24 pp}
{0 1,1 7,2 18,8 1,10 3,11 1,14 2,15 4,17 3,21 2,22 5,23 4,24 pp}
{0 2,1 3,2 14,8 2,10 8,13 1,14 1,17 3,19 4,21 2,22 3,23 1,24 pp}
{0 4,1 4,2 23,5 1,10 1,14 2,15 1,19 1,20 1,21 1,22 1,23 6,24 pp}
{0 5,1 3,2 25,3 1,5 2,7 2,10 1,16 2,17 1,21 1,23 4,24 pp}
{0 3,1 2,2 20,10 6,14 1,15 2,17 1,21 2,22 3,23 6,24 pp}
{1 4,2 10,5 1,9 1,10 13,11 1,13 1,14 1,15 1,19 1,20 2,21 1,23 1,24 pp}
{1 1,2 7,8 1,10 4,11 1,14 1,15 2,17 1,21 3,22 1,23 2,24 pp}
{0 3,1 4,2 8,10 8,14 2,15 5,17 1,18 1,22 2,23 1,24 pp}
{0 1,1 3,2 13,3 1,5 2,10 10,14 2,15 3,19 2,22 2,23 7,24 pp}
{0 4,2 20,7 1,8 1,10 5,14 2,23 2,24 pp}
{0 3,1 1,2 13,8 1,10 3,14 1,15 2,18 1,20 1,22 2,23 7,24 pp}
{0 5,1 4,2 12,3 1,7 1,10 4,14 1,15 3,22 1,23 2,24 pp}
{0 7,1 5,2 11,7 1,10 4,11 1,12 1,14 3,16 1,21 1,22 1,23 8,24 pp}
{0 3,1 1,2 10,3 1,10 6,11 1,15 1,17 1,21 1,22 1,23 6,24 pp}
{0 4,1 3,2 12,10 6,17 1,18 2,21 1,23 2,24 pp}
{0 1,1 6,2 17,3 1,10 4,14 1,15 1,18 2,21 1,22 1,23 5,24 pp}
{0 4,1 5,2 9,3 1,7 1,8 1,10 7,13 1,15 2,20 1,21 2,23 4,24 pp}
{0 1,1 1,2 18,5 2,8 1,10 1,12 1,13 2,15 1,21 1,22 4,23 8,24 rr}
{0 2,1 5,2 14,3 1,5 1,10 3,12 1,16 1,18 1,21 3,22 2,23 7,24 rr}
{2 21,10 9,14 2,17 1,19 2,21 1,23 4,24 rr}
{0 6,2 22,8 2,10 7,14 3,19 4,22 1,23 5,24 rr}
{0 1,1 1,2 18,3 1,9 1,10 10,14 2,19 6,21 4,23 7,24 rr}
{0 7,2 23,9 1,14 2,17 4,19 1,20 1,23 3,24 rr}
{0 1,2 16,10 5,14 1,19 2,23 8,24 rr}
{2 23,5 3,10 9,15 3,19 2,22 1,23 9,24 rr}
{1 2,2 16,3 2,10 6,14 3,15 2,17 1,19 2,20 1,21 2,23 6,24 rr}
{0 3,1 3,2 14,7 2,10 8,13 1,17 1,19 1,21 1,23 6,24 rr}
{0 4,1 1,2 19,3 1,5 2,10 4,14 1,15 1,19 3,20 1,21 3,23 3,24 rr}
{0 3,1 2,2 30,10 6,11 1,14 1,15 1,18 1,19 2,21 1,23 6,24 rr}
{0 2,1 1,2 17,5 1,10 8,19 1,23 4,24 rr}
{2 16,8 1,10 8,14 3,17 1,19 5,20 1,22 1,23 5,24 rr}
{0 2,2 7,8 2,10 17,14 1,15 1,19 3,21 1,23 7,24 s}
{0 10,1 3,2 7,3 1,10 15,11 2,14 7,15 2,17 1,19 1,20 1,23 9,24 s}
{0 2,1 1,2 8,3 3,8 1,10 15,14 3,15 1,16 1,17 1,19 1,21 1,23 3,24 s}
{0 4,1 3,2 6,3 2,10 14,11 2,14 6,15 5,17 2,23 7,24 s}
{0 6,1 2,2 5,3 1,10 16,14 6,15 3,17 1,19 1,23 5,24 s}
{0 4,1 3,2 6,3 1,10 14,11 2,14 5,15 3,17 1,23 4,24 s}
{0 5,1 2,2 17,3 3,9 1,10 14,14 1,17 1,18 1,19 2,23 4,24 s}
{0 3,1 3,2 4,8 2,10 7,14 3,15 1,16 2,17 1,19 1,20 1,21 1,22 1,23 5,24 s}
{0 3,1 2,2 5,3 3,10 14,13 1,15 3,19 3,21 1,22 2,23 7,24 s}
{0 6,1 1,2 6,3 2,7 1,8 1,10 15,14 4,15 1,17 2,18 1,19 3,21 2,22 1,23 4,24 s}
{0 10,1 1,2 13,7 1,8 1,10 15,14 2,22 1,23 5,24 s}
{0 3,1 1,2 13,3 1,8 1,10 16,14 2,15 1,19 2,23 3,24 s}
{0 5,2 11,3 1,8 1,10 12,14 6,17 4,18 1,21 1,23 3,24 s}
{0 3,2 15,4 1,6 1,10 8,13 2,14 2,15 1,17 4,18 1,19 1,22 1,23 3,24 s}
{0 4,1 3,2 15,10 12,13 1,14 1,15 1,18 1,19 3,21 2,23 5,24 ss}
{0 3,1 2,2 9,3 2,8 2,10 15,13 4,14 2,18 1,19 2,23 1,24 ss}
{0 2,1 4,2 9,3 1,5 2,8 1,10 17,14 1,15 1,17 2,19 3,21 1,23 2,24 ss}
{0 1,2 5,3 2,5 2,10 18,13 1,14 1,15 1,23 4,24 ss}
{0 2,1 1,2 7,3 1,5 2,8 2,10 14,13 1,14 1,15 2,21 2,23 4,24 ss}
{0 3,1 3,2 10,3 1,5 1,7 1,8 1,10 16,13 1,14 1,15 1,19 3,21 1,22 1,23 4,24 ss}
{0 2,1 8,2 21,10 8,15 1,19 1,21 1,22 1,23 2,24 ss}
{0 2,1 10,2 4,5 3,10 10,13 2,15 6,18 1,21 1,23 7,24 ss}
{0 3,1 12,2 15,3 1,7 1,10 9,13 1,14 2,15 1,16 1,17 2,21 2,23 8,24 ss}
{0 3,1 2,2 18,10 3,13 2,14 3,19 4,21 3,22 1,23 8,24 ss}
{0 4,2 19,5 2,10 10,11 1,13 1,14 2,15 1,23 9,24 ss}
{0 6,1 2,2 18,10 5,13 1,14 2,19 1,20 1,21 1,22 1,23 6,24 ss}
{1 2,2 13,5 3,7 1,10 7,15 1,19 1,22 1,23 5,24 ss}
{0 5,1 1,2 11,8 3,10 11,11 1,14 3,15 1,19 1,23 6,24 ss}
{0 4,1 2,2 11,3 1,5 1,6 1,10 14,11 2,15 2,17 1,21 2,22 2,24 ss}
{0 1,1 4,2 11,3 1,10 10,14 3,15 2,17 1,21 1,22 2,23 9,24 t}
{0 2,2 11,3 4,4 2,10 8,14 1,15 1,18 1,19 3,23 6,24 t}
{0 6,1 1,2 13,3 1,4 1,5 1,10 12,14 3,15 2,22 2,23 4,24 t}
{0 3,1 1,2 16,4 1,10 6,11 1,14 1,17 3,22 1,23 6,24 t}
{0 11,2 12,4 1,8 1,10 9,11 2,14 1,17 2,23 4,24 t}
{0 6,1 2,2 21,10 9,11 1,14 1,17 1,21 2,23 2,24 t}
{0 2,1 2,2 15,3 1,4 1,10 8,14 2,19 2,21 1,23 6,24 t}
{0 7,1 2,2 13,3 1,10 12,14 1,17 1,23 2,24 t}
{0 1,1 4,2 10,4 1,10 9,17 1,19 2,22 1,23 4,24 t}
{0 7,2 16,3 1,4 1,8 1,10 10,14 2,17 1,19 1,21 1,23 3,24 t}
{0 2,1 1,2 20,3 1,10 4,12 1,14 4,19 1,21 3,22 2,23 4,24 t}
{0 5,2 12,3 1,10 13,17 1,21 1,23 3,24 t}
{0 6,2 19,3 2,5 2,7 1,8 1,10 3,14 5,17 2,21 2,23 4,24 t}
{0 7,1 1,2 7,3 2,6 1,10 5,14 1,17 1,24 u}
{0 3,1 4,2 10,3 1,6 1,8 1,10 8,14 2,17 1,22 1,23 4,24 u}
{0 4,1 2,2 13,3 1,6 1,10 6,14 1,15 1,17 1,18 1,19 1,20 1,21 1,23 1,24 u}
{0 7,2 4,5 1,6 1,8 2,9 1,10 6,13 2,14 6,23 3,24 u}
{0 4,1 1,2 10,4 1,10 4,13 1,14 2,16 1,17 2,19 1,23 4,24 u}
{0 4,1 3,2 8,7 1,10 8,13 1,14 4,15 2,17 3,18 3,21 2,23 3,24 u}
{0 5,2 8,3 1,5 1,8 1,10 9,11 2,14 3,15 1,19 2,20 1,21 1,23 4,24 u}
{0 7,1 5,2 7,3 2,8 1,10 9,11 1,13 1,14 1,15 1,17 1,18 2,21 2,23 4,24 u}
{0 5,2 16,3 2,10 4,13 1,14 1,15 1,17 1,21 1,23 7,24 u}
{0 5,1 2,2 12,3 1,8 1,10 11,23 7,24 u}
{0 7,2 9,10 2,12 1,13 1,19 1,21 3,22 3,23 4,24 u}
{0 7,1 1,2 5,3 3,4 1,7 1,10 7,11 3,21 1,23 2,24 u}
{0 6,1 1,2 6,3 1,4 1,5 1,8 1,9 2,10 6,14 2,19 1,21 4,23 2,24 u}
{0 4,1 1,2 14,8 2,10 4,12 1,19 2,21 1,23 1,24 u}
{0 9,1 3,2 15,3 1,4 1,6 1,7 1,10 7,11 1,23 9,24 u}
{0 3,1 2,2 20,7 1,10 5,12 1,15 1,19 1,21 1,23 3,24 uu}
{0 3,1 4,2 10,10 10,17 1,20 1,21 1,23 5,24 uu}
{0 9,1 1,2 13,9 1,10 3,14 1,15 1,17 3,23 3,24 uu}
{0 2,1 2,2 10,3 1,7 1,8 1,10 9,14 1,15 1,17 2,20 1,21 5,23 3,24 uu}
{0 6,1 3,2 11,10 2,14 1,15 2,17 3,21 1,23 1,24 uu}
{0 5,1 6,2 18,10 1,14 1,20 3,24 uu}
{0 3,1 3,2 23,6 1,8 3,10 10,20 1,21 2,22 1,23 1,24 uu}
{0 9,1 6,2 19,3 1,6 1,10 7,13 1,17 1,19 2,21 5,22 1,23 9,24 uu}
{0 6,1 3,2 19,5 1,8 2,10 5,14 2,17 2,21 3,22 2,23 5,24 uu}
{0 7,1 2,2 22,8 1,10 10,14 2,18 1,19 1,20 1,23 5,24 uu}
{0 5,1 5,2 13,8 1,10 4,12 2,14 1,15 6,16 1,20 1,21 1,22 2,23 2,24 uu}
{0 2,1 3,2 15,5 1,10 4,14 2,18 1,19 2,21 1,23 1,24 uu}
{0 7,1 3,2 21,10 8,13 1,21 2,23 5,24 uu}
{0 4,1 1,2 14,3 1,8 1,10 5,12 1,14 6,15 1,17 1,20 2,21 2,23 3,24 uu}
{0 4,2 20,3 3,10 6,12 1,14 1,17 2,19 1,20 2,21 2,23 6,24 uu}
{0 6,1 2,2 8,3 4,5 1,7 2,10 4,14 1,15 2,17 5,19 2,20 2,21 1,22 1,23 6,24 uu}
{0 3,1 2,2 12,3 2,10 11,14 1,15 2,16 1,17 2,19 1,21 1,23 3,24 uu}
{0 3,1 1,2 19,3 1,4 1,5 1,8 1,10 3,14 3,15 1,21 1,22 1,23 2,24 uu}
{0 1,1 7,2 12,10 11,21 1,22 1,23 3,24 w}
{0 5,1 12,2 17,3 1,8 1,10 1,14 3,23 5,24 w}
{0 6,1 2,2 19,8 1,10 3,11 1,13 1,14 2,15 1,19 1,21 3,22 1,23 2,24 w}
{0 1,1 1,2 18,3 1,4 1,5 1,6 1,8 1,10 2,13 1,14 1,21 2,24 w}
{0 7,1 3,2 18,3 1,4 1,10 4,13 1,14 1,16 1,21 2,23 6,24 w}
{0 3,1 4,2 16,3 1,8 3,10 4,14 1,15 1,21 4,23 6,24 w}
{0 5,1 1,2 14,3 1,5 1,8 1,10 1,12 1,13 1,14 2,15 1,17 1,23 8,24 w}
{0 2,1 2,2 14,3 1,6 1,8 2,10 3,14 1,17 1,23 3,24 w}
{0 2,1 3,2 17,10 4,13 1,15 2,16 1,17 1,21 3,23 3,24 w}
{0 4,1 1,2 18,5 3,7 1,10 3,14 4,16 1,19 4,21 2,23 3,24 w}
{0 4,1 2,2 16,8 3,10 6,12 1,13 2,14 4,17 1,21 1,23 7,24 w}
{0 6,1 10,2 12,4 1,5 1,10 5,14 5,19 1,21 3,23 2,24 w}
{0 4,1 2,2 12,5 1,8 1,10 4,14 5,17 1,19 1,21 2,22 3,23 1,24 w}
{2 13,5 4,8 1,10 7,14 2,15 6,19 2,20 1,22 3,23 1,24 w}
{0 5,1 2,2 9,5 1,10 7,14 1,17 1,21 6,23 1,24 ww}
{0 7,2 6,3 2,10 10,13 1,14 1,17 1,20 1,21 3,22 1,23 9,24 ww}
{0 9,1 1,2 7,3 2,5 1,10 11,14 2,19 1,21 3,23 2,24 ww}
{0 4,1 1,2 11,3 1,4 1,10 7,13 1,23 6,24 ww}
{0 6,2 9,10 11,12 1,14 1,17 4,19 1,20 4,22 1,23 6,24 ww}
{0 4,1 2,2 8,4 1,10 6,11 1,13 1,14 1,15 3,19 1,20 2,23 2,24 ww}
{0 2,1 1,2 13,3 2,5 1,10 3,11 1,14 1,15 1,20 1,21 1,23 5,24 ww}
{0 5,1 1,2 19,4 1,8 3,10 4,14 1,15 1,18 1,19 4,20 1,21 1,23 3,24 ww}
{0 5,2 12,8 1,10 3,13 1,15 1,17 5,19 2,21 1,23 3,24 ww}
{0 5,1 1,2 11,3 2,10 7,11 1,13 2,14 4,21 1,23 7,24 ww}
{0 1,1 1,2 16,8 2,10 8,15 1,16 1,17 1,21 1,23 3,24 ww}
{0 6,1 1,2 10,8 1,10 11,14 1,23 9,24 ww}
{0 4,1 2,2 17,7 1,8 1,10 6,12 1,13 1,16 1,23 3,24 ww}
{0 6,1 3,2 19,3 2,5 1,10 4,13 4,15 3,16 1,18 1,23 1,24 ww}
{0 9,1 2,2 8,10 8,11 1,13 3,14 1,23 4,24 ww}
{0 2,2 8,10 7,14 4,15 1,16 1,19 1,21 1,23 7,24 z}
{0 2,1 1,2 16,3 1,10 5,14 1,15 1,17 1,19 2,21 1,22 2,23 6,24 z}
{0 5,2 13,4 2,10 3,13 1,19 1,22 1,23 5,24 z}
{0 4,1 5,2 13,10 5,12 1,14 3,19 2,22 2,23 5,24 z}
{0 1,1 1,2 20,3 1,4 1,7 1,10 5,13 1,14 2,21 1,23 8,24 z}
{0 1,1 7,2 13,3 1,4 1,10 3,14 2,17 1,21 1,23 9,24 z}
{0 6,1 1,2 18,10 5,21 2,23 2,24 z}
{0 6,1 6,2 16,3 1,7 1,10 6,13 1,14 2,17 1,18 1,21 2,23 3,24 z}
{0 4,1 3,2 15,3 1,4 1,10 6,15 1,17 1,22 1,23 3,24 z}
{0 3,1 2,2 18,3 1,4 1,8 1,10 5,15 1,17 1,22 1,23 4,24 z}
{0 3,1 3,2 5,10 7,14 2,16 1,17 1,19 1,20 1,21 2,22 1,23 1,24 z}

Calculating InfoGain on the training set's features
===================================================
Features InfoGain score (non-zero only):
----------------------------------------
> Conjunctions-11{that}      0.284443

Feature-type breakdown:
-----------------------
> Conjunctions   0.284443 (100.00%)

done!

2013-04-02, 16:11:27 Starting 10-folds cross-validation on training corpus phase...

================================================================================

Running analysis with classifier 1 out of 1:
> Classifier: weka.classifiers.functions.SMO
> Options:    -C 1.0 -L 0.001 -P 1.0E-12 -N 0 -V -1 -W 1 -K weka.classifiers.functions.supportVector.PolyKernel -C 250007 -E 1.0 

2013-04-02, 16:11:27 Starting cross validation...
2013-04-02, 16:11:46 done!

=== Summary ===

Correctly Classified Instances          93               30.5921 %
Incorrectly Classified Instances       211               69.4079 %
Kappa statistic                          0.2648
Mean absolute error                      0.0921
Root mean squared error                  0.2132
Relative absolute error                 97.126  %
Root relative squared error             97.9245 %
Total Number of Instances              304     

=== Detailed Accuracy By Class ===

               TP Rate   FP Rate   Precision   Recall  F-Measure   ROC Area  Class
                 0.071     0.041      0.077     0.071     0.074      0.688    aa
                 0.294     0.031      0.357     0.294     0.323      0.862    b
                 0.35      0.067      0.269     0.35      0.304      0.787    hh
                 0.214     0.017      0.375     0.214     0.273      0.811    i
                 0.462     0          1         0.462     0.632      0.877    ll
                 0.143     0.021      0.25      0.143     0.182      0.81     mm
                 0.385     0.038      0.313     0.385     0.345      0.78     n
                 0.077     0.017      0.167     0.077     0.105      0.708    nn
                 0.333     0.031      0.357     0.333     0.345      0.856    o
                 0.45      0.081      0.281     0.45      0.346      0.833    p
                 0.455     0.152      0.189     0.455     0.267      0.757    pp
                 0.5       0.038      0.389     0.5       0.438      0.855    rr
                 0.643     0.024      0.563     0.643     0.6        0.863    s
                 0.267     0.021      0.4       0.267     0.32       0.728    ss
                 0.154     0.027      0.2       0.154     0.174      0.779    t
                 0.333     0.017      0.5       0.333     0.4        0.675    u
                 0.444     0.056      0.333     0.444     0.381      0.737    uu
                 0.071     0.007      0.333     0.071     0.118      0.809    w
                 0.2       0.042      0.2       0.2       0.2        0.773    ww
                 0         0.007      0         0         0          0.797    z
Weighted Avg.    0.306     0.042      0.325     0.306     0.296      0.789

=== Confusion Matrix ===

  a  b  c  d  e  f  g  h  i  j  k  l  m  n  o  p  q  r  s  t   <-- classified as
  1  0  3  1  0  0  1  0  1  1  2  3  0  0  1  0  0  0  0  0 |  a = aa
  0  5  2  1  0  0  3  0  0  0  3  1  0  1  0  1  0  0  0  0 |  b = b
  2  1  7  1  0  1  0  2  0  0  4  0  1  0  0  0  1  0  0  0 |  c = hh
  2  2  1  3  0  2  0  1  1  0  0  1  0  0  0  0  1  0  0  0 |  d = i
  0  0  1  1  6  0  0  0  0  0  3  0  0  0  0  0  1  0  1  0 |  e = ll
  2  0  3  0  0  2  2  0  1  1  1  0  0  0  1  0  1  0  0  0 |  f = mm
  0  1  1  0  0  0  5  0  0  1  1  0  0  0  0  1  1  0  2  0 |  g = n
  1  0  4  1  0  0  0  1  0  0  0  0  3  2  0  0  0  0  1  0 |  h = nn
  0  2  1  0  0  0  0  0  5  2  2  0  0  0  1  0  2  0  0  0 |  i = o
  1  0  0  0  0  0  0  0  2  9  3  0  0  0  0  0  2  0  3  0 |  j = p
  1  2  0  0  0  0  0  1  1  4 10  0  1  1  1  0  0  0  0  0 |  k = pp
  1  0  0  0  0  0  0  0  0  1  4  7  0  0  0  0  1  0  0  0 |  l = rr
  0  0  0  0  0  1  0  0  0  0  1  0  9  1  1  1  0  0  0  0 |  m = s
  0  1  0  0  0  0  1  1  1  0  2  3  1  4  0  0  0  0  1  0 |  n = ss
  0  0  1  0  0  2  2  0  0  1  1  0  0  0  2  1  1  1  1  0 |  o = t
  0  0  1  0  0  0  1  0  0  1  3  0  0  1  0  5  0  0  2  1 |  p = u
  0  0  1  0  0  0  0  0  1  3  3  0  1  0  0  0  8  1  0  0 |  q = uu
  2  0  0  0  0  0  0  0  1  4  4  0  0  0  0  1  0  1  1  0 |  r = w
  0  0  0  0  0  0  1  0  0  4  1  1  0  0  1  0  3  0  3  1 |  s = ww
  0  0  0  0  0  0  0  0  0  0  5  2  0  0  2  0  2  0  0  0 |  t = z

