============================ JStylo Analysis Output ============================
Started analysis on 2013-03-22, 16:28:44
Running 10-folds cross validation on training corpus

Training corpus:
> aa (14 documents)
> c (18 documents)
> d (13 documents)
> g (16 documents)
> gg (14 documents)
> h (18 documents)
> hh (20 documents)
> j (15 documents)
> ll (13 documents)
> m (14 documents)
> mm (14 documents)
> n (13 documents)
> o (15 documents)
> p (20 documents)
> q (15 documents)
> rr (14 documents)
> s (14 documents)
> uu (18 documents)
> w (14 documents)
> y (13 documents)

Feature set: 9 feature-set:
> Unique Words Count
> Complexity
> Sentence Count
> Average Sentence Length
> Average Syllables in Word
> Gunning-Fog Readability Index
> Character Space
> Letter Space
> Flesch Reading Ease Score

Classifiers used:
> weka.classifiers.functions.SMO                    	-C 1.0 -L 0.0010 -P 1.0E-12 -N 0 -V -1 -W 1 -K weka.classifiers.functions.supportVector.PolyKernel -C 250007 -E 1.0 

================================================================================

2013-03-22, 16:28:44 Extracting features from training corpus (using sparse representation)...
2013-03-22, 16:28:50 done!

Training corpus features (ARFF):
================================
@relation JStylo

@attribute 'Unique-Words-Count{-}' numeric
@attribute 'Complexity{-}' numeric
@attribute 'Sentence-Count{-}' numeric
@attribute 'Average-Sentence-Length{-}' numeric
@attribute 'Average-Syllables-in-Word{-}' numeric
@attribute 'Gunning-Fog-Readability-Index{-}' numeric
@attribute 'Character-Space{-}' numeric
@attribute 'Letter-Space{-}' numeric
@attribute 'Flesch-Reading-Ease-Score{-}' numeric
@attribute authorName {aa,c,d,g,gg,h,hh,j,ll,m,mm,n,o,p,q,rr,s,uu,w,y}

@data
{0 249,1 0.491124,2 19,3 26.684211,4 1.593688,5 16.275262,6 2863,7 2304,8 44.924491}
{0 278,1 0.545098,2 20,3 25.5,4 1.67451,5 17.337255,6 2966,7 2384,8 39.288971}
{0 260,1 0.529532,2 22,3 22.318182,4 1.745418,5 17.562711,6 3030,7 2439,8 36.519724}
{0 257,1 0.529897,2 20,3 24.25,4 1.783505,5 18.607216,6 2984,7 2407,8 31.336714}
{0 242,1 0.484,2 21,3 23.809524,4 1.826,5 18.16381,6 3187,7 2589,8 28.188733}
{0 274,1 0.548,2 23,3 21.73913,4 1.646,5 15.095652,6 2877,7 2304,8 45.518183}
{0 252,1 0.521739,2 24,3 20.125,4 1.575569,5 13.68147,6 2756,7 2201,8 53.114957}
{0 261,1 0.530488,2 24,3 20.5,4 1.760163,5 16.16748,6 3047,7 2456,8 37.117744}
{0 248,1 0.496994,2 28,3 17.821429,4 1.839679,5 15.946207,6 3108,7 2507,8 33.109376}
{0 268,1 0.548057,2 22,3 22.227273,4 1.785276,5 16.74367,6 3054,7 2437,8 33.239962}
{0 281,1 0.578189,2 21,3 23.142857,4 1.825103,5 17.5699,6 3114,7 2534,8 28.941296}
{0 256,1 0.513026,2 23,3 21.695652,4 1.577154,5 14.049002,6 2850,7 2276,8 51.386659}
{0 251,1 0.5154,2 21,3 23.190476,4 1.550308,5 15.107813,6 2714,7 2169,8 52.140609}
{0 265,1 0.535354,2 18,3 27.5,4 1.640404,5 18.030303,6 2811,7 2252,8 40.144318}
{0 216,1 0.432866,2 26,3 19.192308,4 2.062124,5 21.704979,6 3362,7 2784,8 12.899096,9 c}
{0 212,1 0.43002,2 23,3 21.434783,4 1.884381,5 17.661134,6 3167,7 2605,8 25.660034,9 c}
{0 229,1 0.452569,2 24,3 21.083333,4 1.727273,5 16.496574,6 3072,7 2499,8 39.308144,9 c}
{0 232,1 0.467742,2 20,3 24.8,4 1.800403,5 18.468387,6 3116,7 2540,8 29.348887,9 c}
{0 226,1 0.445759,2 22,3 23.045455,4 1.74359,5 16.949937,6 3084,7 2510,8 35.936171,9 c}
{0 217,1 0.449275,2 20,3 24.15,4 1.89648,5 19.266625,6 3144,7 2585,8 21.880514,9 c}
{0 196,1 0.406639,2 24,3 20.083333,4 1.887967,5 17.825864,6 3108,7 2569,8 26.728425,9 c}
{0 238,1 0.473161,2 22,3 22.863636,4 1.856859,5 19.165335,6 3187,7 2625,8 26.538151,9 c}
{0 212,1 0.446316,2 22,3 21.590909,4 1.941053,5 17.478469,6 3135,7 2591,8 20.707175,9 c}
{0 231,1 0.474333,2 25,3 19.48,4 1.850103,5 17.812534,6 3114,7 2565,8 30.544114,9 c}
{0 218,1 0.438632,2 28,3 17.75,4 1.573441,5 13.2167,6 2684,7 2109,8 55.705672,9 c}
{0 260,1 0.507813,2 21,3 24.380952,4 1.693359,5 16.393006,6 2932,7 2359,8 38.83013,9 c}
{0 241,1 0.490835,2 19,3 25.842105,4 1.741344,5 17.180019,6 2929,7 2384,8 33.287544,9 c}
{0 259,1 0.504873,2 19,3 27,4 1.842105,5 18.831189,6 3190,7 2610,8 23.587895,9 c}
{0 223,1 0.433852,2 25,3 20.56,4 1.706226,5 14.527502,6 3036,7 2461,8 41.619907,9 c}
{0 249,1 0.510246,2 27,3 18.074074,4 1.75,5 14.85258,6 2901,7 2351,8 40.439815,9 c}
{0 242,1 0.477318,2 21,3 24.142857,4 1.607495,5 14.627557,6 2848,7 2271,8 46.335917,9 c}
{0 257,1 0.505906,2 18,3 28.222222,4 1.753937,5 18.769204,6 3085,7 2519,8 29.806374,9 c}
{0 259,1 0.525355,2 20,3 24.65,4 1.827586,5 19.75858,6 3295,7 2469,8 27.201457,9 d}
{0 231,1 0.472393,2 24,3 20.375,4 1.766871,5 16.657157,6 3219,7 2379,8 36.677074,9 d}
{0 247,1 0.496982,2 22,3 22.590909,4 1.788732,5 18.694311,6 3265,7 2456,8 32.578467,9 d}
{0 286,1 0.594595,2 25,3 19.24,4 1.825364,5 17.84153,6 3378,7 2449,8 32.88062,9 d}
{0 279,1 0.563636,2 18,3 27.5,4 1.737374,5 19.242424,6 3300,7 2416,8 31.940682,9 d}
{0 278,1 0.567347,2 24,3 20.416667,4 1.810204,5 17.472789,6 3213,7 2417,8 32.968818,9 d}
{0 262,1 0.535787,2 15,3 32.6,4 1.574642,5 19.01137,6 2969,7 2175,8 40.531276,9 d}
{0 247,1 0.497984,2 18,3 27.555556,4 1.739919,5 19.086738,6 3203,7 2440,8 31.668934,9 d}
{0 273,1 0.558282,2 23,3 21.26087,4 1.707566,5 15.293714,6 3177,7 2278,8 40.795095,9 d}
{0 281,1 0.55315,2 17,3 29.882353,4 1.807087,5 20.535618,6 3481,7 2520,8 23.624884,9 d}
{0 275,1 0.541339,2 18,3 28.222222,4 1.777559,5 20.422747,6 3324,7 2491,8 27.807948,9 d}
{0 282,1 0.549708,2 22,3 23.318182,4 1.890838,5 19.229807,6 3495,7 2656,8 23.202133,9 d}
{0 272,1 0.530214,2 21,3 24.428571,4 1.826511,5 19.59599,6 3482,7 2594,8 27.517193,9 d}
{0 234,1 0.488518,2 20,3 23.95,4 1.676409,5 15.258497,6 2944,7 2208,8 40.701533,9 g}
{0 261,1 0.538144,2 18,3 26.944444,4 1.54433,5 15.31386,6 2957,7 2132,8 48.83608,9 g}
{0 244,1 0.48996,2 15,3 33.2,4 1.60241,5 18.982811,6 3018,7 2271,8 37.573145,9 g}
{0 245,1 0.49,2 46,3 10.869565,4 1.526,5 9.787826,6 2892,7 2006,8 66.702791,9 g}
{0 235,1 0.5,2 43,3 10.930233,4 1.634043,5 11.606136,6 2832,7 2038,8 57.500814,9 g}
{0 219,1 0.438,2 17,3 29.411765,4 1.65,5 18.404706,6 2890,7 2311,8 37.392059,9 g}
{0 231,1 0.478261,2 22,3 21.954545,4 1.68323,5 16.31805,6 2833,7 2219,8 42.149894,9 g}
{0 224,1 0.452525,2 27,3 18.333333,4 1.587879,5 12.424242,6 2845,7 2236,8 53.892121,9 g}
{0 243,1 0.476471,2 19,3 26.842105,4 1.684314,5 19.128999,6 3080,7 2480,8 37.097322,9 g}
{0 260,1 0.516899,2 20,3 25.15,4 1.73161,5 18.807515,6 3023,7 2435,8 34.813515,9 g}
{0 257,1 0.520243,2 36,3 13.722222,4 1.532389,5 10.266217,6 2812,7 2245,8 63.266863,9 g}
{0 267,1 0.530815,2 37,3 13.594595,4 1.467197,5 9.493504,6 2749,7 2158,8 68.911636,9 g}
{0 253,1 0.517382,2 39,3 12.538462,4 1.443763,5 8.532767,6 2633,7 2072,8 71.96613,9 g}
{0 251,1 0.499006,2 32,3 15.71875,4 1.379722,5 8.673186,6 2643,7 2075,8 74.156015,9 g}
{0 237,1 0.477823,2 35,3 14.171429,4 1.461694,5 9.539539,6 2701,7 2124,8 68.791726,9 g}
{0 224,1 0.475584,2 18,3 26.166667,4 1.619958,5 15.222505,6 2702,7 2158,8 43.227426,9 g}
{0 283,1 0.557087,2 17,3 29.882353,4 1.624016,5 18.252154,6 2998,7 2370,8 39.112679,9 gg}
{0 293,1 0.567829,2 13,3 39.692308,4 1.655039,5 22.311032,6 3130,7 2450,8 26.531029,9 gg}
{0 253,1 0.498031,2 23,3 22.086957,4 1.511811,5 13.401712,6 2837,7 2172,8 56.517527,9 gg}
{0 242,1 0.49187,2 17,3 28.941176,4 1.739837,5 19.869154,6 2973,7 2384,8 30.269462,9 gg}
{0 198,1 0.404908,2 17,3 28.764706,4 1.785276,5 20.258439,6 2914,7 2371,8 26.604468,9 gg}
{0 201,1 0.411885,2 17,3 28.705882,4 1.807377,5 21.482353,6 2979,7 2423,8 24.794431,9 gg}
{0 195,1 0.409664,2 18,3 26.444444,4 1.77521,5 19.149206,6 2793,7 2263,8 29.811116,9 gg}
{0 211,1 0.426263,2 23,3 21.521739,4 1.876768,5 19.275362,6 3022,7 2479,8 26.215889,9 gg}
{0 233,1 0.460474,2 21,3 24.095238,4 1.561265,5 14.381178,6 2847,7 2260,8 50.295329,9 gg}
{0 267,1 0.531873,2 21,3 23.904762,4 1.412351,5 12.749156,6 2727,7 2138,8 63.086806,9 gg}
{0 262,1 0.543568,2 21,3 22.952381,4 1.537344,5 13.911243,6 2742,7 2166,8 53.478997,9 gg}
{0 207,1 0.413174,2 18,3 27.833333,4 1.62475,5 17.360878,6 2872,7 2298,8 41.130274,9 gg}
{0 241,1 0.483936,2 25,3 19.92,4 1.604418,5 13.59049,6 2877,7 2270,8 50.882465,9 gg}
{0 218,1 0.449485,2 23,3 21.086957,4 1.531959,5 12.805917,6 2693,7 2116,8 55.828028,9 gg}
{0 254,1 0.513131,2 24,3 20.625,4 1.840404,5 16.977273,6 3169,7 2572,8 30.202443,9 h}
{0 264,1 0.532258,2 21,3 23.619048,4 1.97379,5 21.302458,6 3352,7 2761,8 15.879005,9 h}
{0 217,1 0.460722,2 27,3 17.444444,4 1.963907,5 18.782449,6 3039,7 2456,8 22.982392,9 h}
{0 240,1 0.48583,2 20,3 24.7,4 1.917004,5 20.244372,6 3193,7 2591,8 19.585957,9 h}
{0 222,1 0.439604,2 20,3 25.25,4 1.809901,5 18.020792,6 3086,7 2507,8 28.088626,9 h}
{0 253,1 0.515275,2 19,3 25.842105,4 1.863544,5 20.438675,6 3125,7 2548,8 22.949459,9 h}
{0 225,1 0.453629,2 19,3 26.105263,4 1.762097,5 18.506621,6 2984,7 2404,8 31.264771,9 h}
{0 259,1 0.524291,2 23,3 21.478261,4 1.923077,5 19.198592,6 3199,7 2615,8 22.342258,9 h}
{0 256,1 0.510978,2 22,3 22.772727,4 1.912176,5 19.727853,6 3223,7 2562,8 21.950622,9 h}
{0 248,1 0.505092,2 25,3 19.64,4 2.081466,5 21.460888,6 3390,7 2749,8 10.808343,9 h}
{0 259,1 0.519038,2 19,3 26.263158,4 1.861723,5 20.284822,6 3249,7 2642,8 22.676091,9 h}
{0 251,1 0.510163,2 24,3 20.5,4 1.737805,5 15.110569,6 3032,7 2355,8 39.009207,9 h}
{0 263,1 0.516699,2 22,3 23.136364,4 1.80943,5 18.52763,6 3258,7 2606,8 30.273791,9 h}
{0 244,1 0.495935,2 20,3 24.6,4 1.825203,5 19.84,6 3054,7 2469,8 27.453805,9 h}
{0 235,1 0.47,2 23,3 21.73913,4 1.796,5 17.815652,6 3046,7 2470,8 32.828183,9 h}
{0 249,1 0.492095,2 19,3 26.631579,4 1.824111,5 19.269232,6 3200,7 2584,8 25.484185,9 h}
{0 246,1 0.495968,2 27,3 18.37037,4 1.895161,5 17.348148,6 3258,7 2653,8 27.858429,9 h}
{0 261,1 0.509766,2 23,3 22.26087,4 1.8125,5 17.732473,6 3251,7 2645,8 30.902717,9 h}
{0 229,1 0.472165,2 20,3 24.25,4 1.558763,5 15.308247,6 2696,7 2104,8 50.34991,9 hh}
{0 215,1 0.433468,2 32,3 15.5,4 1.461694,5 10.151613,6 2668,7 2018,8 67.443226,9 hh}
{0 240,1 0.47619,2 32,3 15.75,4 1.458333,5 10.268254,6 2723,7 2097,8 67.47375,9 hh}
{0 221,1 0.441118,2 31,3 16.16129,4 1.433134,5 10.217011,6 2612,7 1989,8 69.188177,9 hh}
{0 215,1 0.432596,2 21,3 23.666667,4 1.643863,5 16.710127,6 2740,7 2115,8 43.742508,9 hh}
{0 219,1 0.442424,2 28,3 17.678571,4 1.559596,5 13.374459,6 2731,7 2121,8 56.949432,9 hh}
{0 240,1 0.502092,2 28,3 17.071429,4 1.516736,5 11.849492,6 2631,7 2021,8 61.1916,9 hh}
{0 238,1 0.480808,2 25,3 19.8,4 1.466667,5 12.445253,6 2651,7 2035,8 62.658,9 hh}
{0 242,1 0.483034,2 30,3 16.7,4 1.473054,5 11.390579,6 2786,7 2127,8 65.264141,9 hh}
{0 220,1 0.474138,2 23,3 20.173913,4 1.55819,5 13.845427,6 2644,7 2001,8 54.535633,9 hh}
{0 237,1 0.478788,2 21,3 23.571429,4 1.719192,5 17.105339,6 2976,7 2367,8 37.466364,9 hh}
{0 241,1 0.493852,2 23,3 21.217391,4 1.772541,5 17.175481,6 3066,7 2437,8 35.342381,9 hh}
{0 271,1 0.545272,2 27,3 18.407407,4 1.756539,5 15.89415,6 3104,7 2439,8 39.548262,9 hh}
{0 216,1 0.459574,2 24,3 19.583333,4 1.855319,5 17.109929,6 2944,7 2346,8 29.997917,9 hh}
{0 244,1 0.494929,2 23,3 21.434783,4 1.711968,5 16.36296,6 2979,7 2352,8 40.246241,9 hh}
{0 222,1 0.455852,2 26,3 18.730769,4 1.689938,5 15.377318,6 2903,7 2265,8 44.854481,9 hh}
{0 240,1 0.479042,2 26,3 19.269231,4 1.646707,5 14.73364,6 2928,7 2307,8 47.965354,9 hh}
{0 246,1 0.482353,2 21,3 24.285714,4 1.678431,5 17.165266,6 3006,7 2407,8 40.189706,9 hh}
{0 253,1 0.511111,2 25,3 19.8,4 1.755556,5 16.728081,6 3061,7 2452,8 38.218,9 hh}
{0 242,1 0.490872,2 24,3 20.541667,4 1.667343,5 15.518898,6 2847,7 2287,8 44.928008,9 hh}
{0 206,1 0.406312,2 16,3 31.6875,4 1.666667,5 19.696696,6 2840,7 2233,8 33.672188,9 j}
{0 237,1 0.478788,2 17,3 29.117647,4 1.747475,5 19.16221,6 3035,7 2440,8 29.444225,9 j}
{0 223,1 0.44511,2 22,3 22.772727,4 1.790419,5 18.051207,6 2997,7 2415,8 32.251221,9 j}
{0 252,1 0.515337,2 16,3 30.5625,4 1.748466,5 21.386554,6 2970,7 2380,8 27.893817,9 j}
{0 247,1 0.505112,2 18,3 27.166667,4 1.693252,5 17.492434,6 2892,7 2274,8 36.011754,9 j}
{0 253,1 0.517382,2 20,3 24.45,4 1.879346,5 20.659346,6 3117,7 2544,8 23.025612,9 j}
{0 207,1 0.417339,2 19,3 26.105263,4 1.814516,5 19.555008,6 3024,7 2441,8 26.830093,9 j}
{0 215,1 0.446058,2 20,3 24.1,4 1.956432,5 20.84332,6 3065,7 2441,8 16.859392,9 j}
{0 236,1 0.476768,2 21,3 23.571429,4 1.761616,5 17.832612,6 3015,7 2426,8 33.877273,9 j}
{0 260,1 0.521042,2 26,3 19.192308,4 1.779559,5 16.013596,6 3008,7 2385,8 36.804106,9 j}
{0 255,1 0.49323,2 24,3 21.541667,4 1.787234,5 18.133108,6 3177,7 2561,8 33.770208,9 j}
{0 228,1 0.454183,2 22,3 22.818182,4 1.820717,5 18.848388,6 3061,7 2438,8 29.641876,9 j}
{0 220,1 0.458333,2 21,3 22.857143,4 1.914583,5 19.47619,6 3013,7 2432,8 21.66125,9 j}
{0 265,1 0.548654,2 27,3 17.888889,4 1.855072,5 16.844997,6 3066,7 2507,8 31.738647,9 j}
{0 263,1 0.526,2 24,3 20.833333,4 1.8,5 17.053333,6 3108,7 2507,8 33.409167,9 j}
{0 267,1 0.557411,2 19,3 25.210526,4 1.837161,5 19.186507,6 3112,7 2492,8 25.822516,9 ll}
{0 268,1 0.54918,2 19,3 25.684211,4 1.760246,5 18.962209,6 3007,7 2402,8 31.848723,9 ll}
{0 250,1 0.507099,2 19,3 25.947368,4 1.758621,5 18.411402,6 2948,7 2384,8 31.719111,9 ll}
{0 256,1 0.520325,2 22,3 22.363636,4 1.664634,5 16.099926,6 2901,7 2303,8 43.30786,9 ll}
{0 273,1 0.562887,2 23,3 21.086957,4 1.65567,5 15.445092,6 2839,7 2243,8 45.362048,9 ll}
{0 264,1 0.5629,2 22,3 21.318182,4 1.601279,5 13.815119,6 2782,7 2144,8 49.728815,9 ll}
{0 270,1 0.554415,2 28,3 17.392857,4 1.681725,5 13.692256,6 2904,7 2274,8 46.907328,9 ll}
{0 274,1 0.551308,2 24,3 20.708333,4 1.587525,5 14.078102,6 2873,7 2206,8 51.511414,9 ll}
{0 250,1 0.504032,2 23,3 21.565217,4 1.647177,5 15.158345,6 2940,7 2326,8 45.595095,9 ll}
{0 254,1 0.517312,2 26,3 18.884615,4 1.716904,5 15.211687,6 3048,7 2416,8 42.417014,9 ll}
{0 272,1 0.552846,2 25,3 19.68,4 1.660569,5 14.294764,6 2911,7 2271,8 46.375654,9 ll}
{0 302,1 0.611336,2 18,3 27.444444,4 1.680162,5 18.022312,6 2914,7 2296,8 36.837188,9 ll}
{0 232,1 0.459406,2 25,3 20.2,4 1.720792,5 16.08,6 2995,7 2417,8 40.75299,9 ll}
{0 282,1 0.567404,2 20,3 24.85,4 1.895372,5 20.241811,6 3206,7 2629,8 21.263759,9 m}
{0 254,1 0.520492,2 22,3 22.181818,4 2.02459,5 21.659613,6 3345,7 2723,8 13.040127,9 m}
{0 250,1 0.501002,2 20,3 24.95,4 1.783567,5 19.679399,6 3098,7 2465,8 30.62097,9 m}
{0 238,1 0.47505,2 20,3 25.05,4 1.832335,5 20.798443,6 3155,7 2547,8 26.393681,9 m}
{0 250,1 0.523013,2 16,3 29.875,4 1.83682,5 21.740795,6 2981,7 2383,8 21.116896,9 m}
{0 266,1 0.541752,2 19,3 25.842105,4 1.953157,5 21.742137,6 3238,7 2662,8 15.368196,9 m}
{0 258,1 0.512922,2 21,3 23.952381,4 1.829026,5 17.930853,6 3188,7 2537,8 27.787747,9 m}
{0 280,1 0.571429,2 32,3 15.3125,4 1.879592,5 14.451531,6 3197,7 2603,8 32.279343,9 m}
{0 274,1 0.563786,2 27,3 18,4 1.8107,5 15.595062,6 3032,7 2413,8 35.379815,9 m}
{0 275,1 0.565844,2 25,3 19.44,4 1.971193,5 19.134025,6 3296,7 2706,8 20.340437,9 m}
{0 269,1 0.550102,2 18,3 27.166667,4 1.805726,5 19.373824,6 3064,7 2487,8 26.496416,9 m}
{0 256,1 0.547009,2 21,3 22.285714,4 1.758547,5 16.777534,6 2834,7 2304,8 35.441923,9 m}
{0 249,1 0.51875,2 20,3 24,4 1.7,5 16.35,6 2821,7 2286,8 38.655,9 m}
{0 247,1 0.512448,2 17,3 28.352941,4 1.892116,5 21.963583,6 3062,7 2515,8 17.983736,9 m}
{0 231,1 0.462926,2 29,3 17.206897,4 1.657315,5 14.177348,6 2849,7 2227,8 49.161182,9 mm}
{0 231,1 0.462,2 22,3 22.727273,4 1.758,5 17.570909,6 2961,7 2373,8 35.040018,9 mm}
{0 262,1 0.519841,2 25,3 20.16,4 1.704365,5 15.762413,6 2945,7 2358,8 42.183314,9 mm}
{0 248,1 0.497992,2 27,3 18.444444,4 1.728916,5 15.490228,6 2899,7 2295,8 41.847624,9 mm}
{0 238,1 0.474104,2 16,3 31.375,4 1.418327,5 15.816932,6 2651,7 2036,8 54.998937,9 mm}
{0 248,1 0.491089,2 22,3 22.954545,4 1.647525,5 15.835284,6 2860,7 2238,8 44.155542,9 mm}
{0 249,1 0.507128,2 23,3 21.347826,4 1.663951,5 15.952572,6 2823,7 2261,8 44.396692,9 mm}
{0 276,1 0.563265,2 22,3 22.272727,4 1.761224,5 16.745826,6 3026,7 2432,8 35.22859,9 mm}
{0 266,1 0.519531,2 21,3 24.380952,4 1.613281,5 15.689881,6 2935,7 2360,8 45.60474,9 mm}
{0 214,1 0.441237,2 20,3 24.25,4 1.923711,5 19.349485,6 3053,7 2504,8 19.475271,9 mm}
{0 245,1 0.489022,2 25,3 20.04,4 1.884232,5 16.958116,6 3141,7 2569,8 27.088412,9 mm}
{0 240,1 0.48583,2 23,3 21.478261,4 1.888664,5 18.469847,6 3070,7 2500,8 25.253594,9 mm}
{0 239,1 0.488753,2 19,3 25.736842,4 1.850716,5 19.292692,6 3090,7 2499,8 24.141553,9 mm}
{0 238,1 0.484725,2 18,3 27.277778,4 1.800407,5 20.116814,6 3012,7 2436,8 26.833595,9 mm}
{0 234,1 0.464286,2 23,3 21.913043,4 1.676587,5 15.828709,6 2957,7 2348,8 42.753975,9 n}
{0 250,1 0.514403,2 20,3 24.3,4 1.72428,5 17.868148,6 2958,7 2330,8 36.296426,9 n}
{0 241,1 0.483936,2 20,3 24.9,4 1.710843,5 17.590522,6 3020,7 2407,8 36.824151,9 n}
{0 281,1 0.55754,2 23,3 21.913043,4 1.777778,5 17.336646,6 3100,7 2463,8 34.193261,9 n}
{0 267,1 0.536145,2 21,3 23.714286,4 1.835341,5 18.240734,6 3119,7 2509,8 27.49512,9 n}
{0 264,1 0.545455,2 19,3 25.473684,4 1.826446,5 18.70187,6 3098,7 2495,8 26.461855,9 n}
{0 256,1 0.552916,2 18,3 25.722222,4 1.794816,5 19.532949,6 3011,7 2354,8 28.885476,9 n}
{0 259,1 0.545263,2 23,3 20.652174,4 1.791579,5 17.271396,6 3025,7 2378,8 34.305465,9 n}
{0 250,1 0.519751,2 18,3 26.722222,4 1.810811,5 19.088057,6 3096,7 2475,8 26.51735,9 n}
{0 257,1 0.536534,2 20,3 23.95,4 1.912317,5 20.185428,6 3173,7 2541,8 20.743704,9 n}
{0 261,1 0.531568,2 21,3 23.380952,4 1.771894,5 17.417554,6 3024,7 2445,8 33.201093,9 n}
{0 284,1 0.596639,2 21,3 22.666667,4 1.796218,5 17.301961,6 3033,7 2468,8 31.868249,9 n}
{0 232,1 0.491525,2 19,3 24.842105,4 1.677966,5 16.801249,6 2869,7 2288,8 39.664331,9 n}
{0 285,1 0.585216,2 24,3 20.291667,4 1.511294,5 12.716256,6 2919,7 2042,8 58.383517,9 o}
{0 292,1 0.58871,2 21,3 23.619048,4 1.768145,5 17.996006,6 3152,7 2394,8 33.276586,9 o}
{0 228,1 0.466258,2 12,3 40.75,4 1.842536,5 26.115951,6 3088,7 2469,8 9.595222,9 o}
{0 274,1 0.572025,2 14,3 34.214286,4 1.820459,5 23.12204,6 3194,7 2407,8 18.096644,9 o}
{0 294,1 0.602459,2 17,3 28.705882,4 1.538934,5 15.99055,6 2984,7 2106,8 47.504677,9 o}
{0 253,1 0.522727,2 19,3 25.473684,4 1.840909,5 20.106829,6 3015,7 2445,8 25.238301,9 o}
{0 234,1 0.468938,2 20,3 24.95,4 1.945892,5 20.881804,6 3323,7 2714,8 16.888305,9 o}
{0 281,1 0.578189,2 17,3 28.588235,4 1.90535,5 21.805664,6 3132,7 2523,8 16.625349,9 o}
{0 272,1 0.552846,2 21,3 23.428571,4 1.977642,5 20.590941,6 3322,7 2686,8 15.746463,9 o}
{0 283,1 0.561508,2 17,3 29.647059,4 2.031746,5 23.128665,6 3404,7 2752,8 4.857521,9 o}
{0 291,1 0.584337,2 15,3 33.2,4 1.797189,5 23.320161,6 3280,7 2502,8 21.094831,9 o}
{0 268,1 0.553719,2 18,3 26.888889,4 1.657025,5 17.284481,6 2937,7 2291,8 39.35848,9 o}
{0 279,1 0.553571,2 16,3 31.5,4 1.759921,5 20.139683,6 3140,7 2487,8 25.973214,9 o}
{0 277,1 0.558468,2 16,3 31,4 1.747984,5 20.383871,6 3084,7 2443,8 27.490565,9 o}
{0 273,1 0.547094,2 11,3 45.363636,4 1.54509,5 23.035234,6 3045,7 2221,8 30.07628,9 o}
{0 280,1 0.55336,2 20,3 25.3,4 1.606719,5 15.574545,6 2909,7 2317,8 45.227042,9 p}
{0 277,1 0.557344,2 22,3 22.590909,4 1.537223,5 14.348235,6 2750,7 2168,8 53.856133,9 p}
{0 253,1 0.531513,2 30,3 15.866667,4 1.508403,5 10.464314,6 2672,7 2081,8 63.119409,9 p}
{0 281,1 0.577002,2 17,3 28.647059,4 1.542094,5 15.976277,6 2822,7 2229,8 47.297044,9 p}
{0 308,1 0.632444,2 18,3 27.055556,4 1.626283,5 17.393064,6 2879,7 2287,8 41.790038,9 p}
{0 286,1 0.588477,2 18,3 27,4 1.602881,5 16.149794,6 2798,7 2222,8 43.826296,9 p}
{0 281,1 0.568826,2 22,3 22.454545,4 1.552632,5 13.921089,6 2767,7 2128,8 52.691005,9 p}
{0 279,1 0.553571,2 28,3 18,4 1.543651,5 11.803175,6 2898,7 2265,8 57.972143,9 p}
{0 268,1 0.531746,2 33,3 15.272727,4 1.531746,5 10.31544,6 2849,7 2238,8 61.747468,9 p}
{0 242,1 0.484,2 29,3 17.241379,4 1.544,5 11.936552,6 2809,7 2206,8 58.7126,9 p}
{0 249,1 0.509202,2 27,3 18.111111,4 1.566462,5 12.561418,6 2820,7 2222,8 55.929523,9 p}
{0 274,1 0.551308,2 29,3 17.137931,4 1.545272,5 11.442698,6 2890,7 2272,8 58.71002,9 p}
{0 263,1 0.531313,2 28,3 17.678571,4 1.533333,5 11.758297,6 2883,7 2267,8 59.17125,9 p}
{0 283,1 0.590814,2 22,3 21.772727,4 1.709812,5 16.642285,6 2988,7 2349,8 40.085577,9 p}
{0 262,1 0.540206,2 22,3 22.045455,4 1.620619,5 15.168697,6 2873,7 2239,8 47.354534,9 p}
{0 292,1 0.593496,2 21,3 23.428571,4 1.747967,5 17.420209,6 3078,7 2456,8 35.176951,9 p}
{0 276,1 0.559838,2 25,3 19.72,4 1.72211,5 15.271367,6 3008,7 2399,8 41.128733,9 p}
{0 284,1 0.586777,2 19,3 25.473684,4 1.834711,5 19.693606,6 3113,7 2535,8 25.762682,9 p}
{0 275,1 0.55,2 21,3 23.809524,4 1.734,5 17.84381,6 3054,7 2452,8 35.971933,9 p}
{0 275,1 0.561224,2 20,3 24.5,4 1.606122,5 16.24898,6 2851,7 2255,8 46.089541,9 p}
{0 244,1 0.503093,2 29,3 16.724138,4 1.837113,5 15.514397,6 3044,7 2449,8 34.440206,9 q}
{0 248,1 0.49501,2 27,3 18.555556,4 1.822355,5 16.284498,6 3189,7 2571,8 33.829854,9 q}
{0 233,1 0.469758,2 30,3 16.533333,4 1.840726,5 16.129462,6 3176,7 2591,8 34.328263,9 q}
{0 244,1 0.490946,2 30,3 16.566667,4 1.782696,5 15.479785,6 3051,7 2461,8 39.203737,9 q}
{0 244,1 0.506224,2 28,3 17.214286,4 1.724066,5 13.690694,6 2954,7 2370,8 43.506483,9 q}
{0 237,1 0.485656,2 33,3 14.787879,4 1.805328,5 14.849578,6 3120,7 2536,8 39.094565,9 q}
{0 240,1 0.491803,2 33,3 14.787879,4 1.856557,5 15.013512,6 3159,7 2583,8 34.760549,9 q}
{0 254,1 0.519427,2 29,3 16.862069,4 1.856851,5 16.642578,6 3123,7 2554,8 32.630429,9 q}
{0 221,1 0.445565,2 29,3 17.103448,4 1.854839,5 15.631702,6 3150,7 2567,8 32.555645,9 q}
{0 255,1 0.529046,2 23,3 20.956522,4 1.711618,5 16.432401,6 2914,7 2331,8 40.761226,9 q}
{0 234,1 0.473684,2 29,3 17.034483,4 1.51417,5 10.700433,6 2816,7 2194,8 61.446215,9 q}
{0 266,1 0.545082,2 26,3 18.769231,4 1.604508,5 13.491299,6 2812,7 2172,8 52.042837,9 q}
{0 258,1 0.509881,2 32,3 15.8125,4 1.679842,5 13.044368,6 3010,7 2408,8 48.670688,9 q}
{0 256,1 0.545842,2 23,3 20.391304,4 1.695096,5 15.064837,6 2858,7 2234,8 42.732709,9 q}
{0 235,1 0.480573,2 29,3 16.862069,4 1.662577,5 13.861392,6 2863,7 2269,8 49.066012,9 q}
{0 213,1 0.429435,2 29,3 17.103448,4 1.784274,5 17.32525,6 3081,7 2499,8 38.525403,9 rr}
{0 223,1 0.446,2 32,3 15.625,4 1.812,5 14.81,6 3062,7 2504,8 37.680425,9 rr}
{0 195,1 0.383104,2 33,3 15.424242,4 1.789784,5 14.971269,6 3241,7 2655,8 39.763677,9 rr}
{0 245,1 0.507246,2 23,3 21,4 1.824017,5 17.840994,6 3051,7 2468,8 31.208199,9 rr}
{0 232,1 0.467742,2 30,3 16.533333,4 1.747984,5 13.952043,6 2975,7 2392,8 42.174231,9 rr}
{0 224,1 0.48172,2 31,3 15,4 1.737634,5 14.344086,6 2834,7 2236,8 44.606129,9 rr}
{0 243,1 0.510504,2 29,3 16.413793,4 1.894958,5 17.405853,6 3018,7 2422,8 29.861555,9 rr}
{0 264,1 0.536585,2 30,3 16.4,4 1.843496,5 15.177886,6 3192,7 2589,8 34.229244,9 rr}
{0 243,1 0.486974,2 21,3 23.761905,4 1.705411,5 17.360473,6 2858,7 2290,8 38.438911,9 rr}
{0 228,1 0.471074,2 30,3 16.133333,4 1.865702,5 17.11449,6 3067,7 2508,8 32.621237,9 rr}
{0 239,1 0.46771,2 19,3 26.894737,4 1.833659,5 20.229519,6 3047,7 2459,8 24.409249,9 rr}
{0 234,1 0.468938,2 36,3 13.861111,4 1.771543,5 13.881118,6 3018,7 2443,8 42.893427,9 rr}
{0 229,1 0.479079,2 35,3 13.657143,4 1.661088,5 12.492146,6 2758,7 2185,8 52.444967,9 rr}
{0 238,1 0.469428,2 32,3 15.84375,4 1.633136,5 12.491346,6 2886,7 2289,8 52.59028,9 rr}
{0 230,1 0.465587,2 24,3 20.583333,4 1.659919,5 15.601754,6 2886,7 2302,8 45.513767,9 s}
{0 266,1 0.538462,2 23,3 21.478261,4 1.769231,5 16.68847,6 3020,7 2428,8 35.357642,9 s}
{0 256,1 0.514056,2 26,3 19.153846,4 1.546185,5 13.284028,6 2741,7 2149,8 56.586617,9 s}
{0 272,1 0.53125,2 27,3 18.962963,4 1.658203,5 15.00706,6 2934,7 2312,8 47.303608,9 s}
{0 244,1 0.484127,2 23,3 21.913043,4 1.748016,5 17.336646,6 2957,7 2360,8 36.711118,9 s}
{0 248,1 0.513458,2 19,3 25.421053,4 1.732919,5 18.864073,6 2868,7 2272,8 34.427663,9 s}
{0 245,1 0.483235,2 27,3 18.777778,4 1.7357,5 15.400657,6 2999,7 2409,8 40.935319,9 s}
{0 257,1 0.530992,2 30,3 16.133333,4 1.652893,5 12.81697,6 2854,7 2258,8 50.624956,9 s}
{0 247,1 0.493014,2 27,3 18.555556,4 1.856287,5 17.242582,6 3102,7 2530,8 30.959195,9 s}
{0 283,1 0.576375,2 24,3 20.458333,4 1.714868,5 15.433842,6 2920,7 2336,8 40.991991,9 s}
{0 262,1 0.527163,2 30,3 16.566667,4 1.841046,5 15.721234,6 3077,7 2468,8 34.267318,9 s}
{0 242,1 0.495902,2 23,3 21.217391,4 1.827869,5 17.667284,6 3036,7 2451,8 30.661643,9 s}
{0 250,1 0.501002,2 30,3 16.633333,4 1.633267,5 12.985999,6 2895,7 2301,8 51.777818,9 s}
{0 269,1 0.520309,2 26,3 19.884615,4 1.649903,5 14.684987,6 3038,7 2413,8 47.070297,9 s}
{0 236,1 0.480652,2 16,3 30.6875,4 1.822811,5 21.643635,6 3023,7 2406,8 21.477412,9 uu}
{0 238,1 0.494802,2 13,3 37,4 1.767152,5 23.864449,6 2919,7 2356,8 19.77896,9 uu}
{0 259,1 0.521127,2 16,3 31.0625,4 1.694165,5 19.185563,6 2902,7 2314,8 31.980204,9 uu}
{0 244,1 0.494929,2 12,3 41.083333,4 1.667343,5 22.761934,6 2882,7 2300,8 24.078216,9 uu}
{0 253,1 0.509054,2 18,3 27.611111,4 1.738431,5 18.69032,6 2962,7 2362,8 31.738495,9 uu}
{0 244,1 0.484127,2 16,3 31.5,4 1.787698,5 21.965079,6 3080,7 2485,8 23.623214,9 uu}
{0 234,1 0.474645,2 18,3 27.388889,4 1.6714,5 17.527564,6 2918,7 2342,8 37.634872,9 uu}
{0 242,1 0.482072,2 15,3 33.466667,4 1.641434,5 20.318938,6 2976,7 2355,8 34.000995,9 uu}
{0 241,1 0.475345,2 19,3 26.684211,4 1.627219,5 17.143112,6 2948,7 2324,8 42.087804,9 uu}
{0 242,1 0.486922,2 14,3 35.5,4 1.706237,5 21.845875,6 3025,7 2390,8 26.454814,9 uu}
{0 228,1 0.471074,2 17,3 28.470588,4 1.621901,5 17.256004,6 2809,7 2186,8 40.724543,9 uu}
{0 239,1 0.494824,2 19,3 25.421053,4 1.668737,5 17.042127,6 2880,7 2299,8 39.857476,9 uu}
{0 234,1 0.484472,2 21,3 23,4 1.819876,5 19.386335,6 3064,7 2490,8 29.528509,9 uu}
{0 248,1 0.49501,2 20,3 25.05,4 1.682635,5 17.045948,6 2965,7 2383,8 39.058352,9 uu}
{0 258,1 0.509881,2 20,3 25.3,4 1.741107,5 18.736601,6 3073,7 2501,8 33.857872,9 uu}
{0 252,1 0.508065,2 21,3 23.619048,4 1.6875,5 16.463748,6 2996,7 2415,8 40.099167,9 uu}
{0 232,1 0.462151,2 21,3 23.904762,4 1.737052,5 17.37067,6 3001,7 2392,8 35.617085,9 uu}
{0 235,1 0.484536,2 18,3 26.944444,4 1.773196,5 18.942726,6 2887,7 2282,8 29.474018,9 uu}
{0 260,1 0.527383,2 17,3 29,4 1.969574,5 22.87789,6 3402,7 2718,8 10.774037,9 w}
{0 275,1 0.563525,2 12,3 40.666667,4 1.977459,5 27.33224,6 3371,7 2738,8 -1.734699,9 w}
{0 260,1 0.516899,2 28,3 17.964286,4 1.66004,5 14.183726,6 2986,7 2375,8 48.161886,9 w}
{0 248,1 0.50924,2 28,3 17.392857,4 1.718686,5 15.170695,6 2982,7 2402,8 43.780429,9 w}
{0 241,1 0.503132,2 20,3 23.95,4 1.822547,5 19.016326,6 3043,7 2457,8 28.338276,9 w}
{0 218,1 0.453222,2 19,3 25.315789,4 1.852391,5 18.941285,6 3116,7 2544,8 24.427208,9 w}
{0 220,1 0.449898,2 26,3 18.807692,4 1.871166,5 17.175429,6 3192,7 2598,8 29.444579,9 w}
{0 251,1 0.50503,2 21,3 23.666667,4 1.794769,5 18.561234,6 3114,7 2528,8 30.975909,9 w}
{0 241,1 0.502083,2 19,3 25.263158,4 1.802083,5 19.355263,6 2968,7 2386,8 28.736645,9 w}
{0 261,1 0.529412,2 18,3 27.388889,4 1.713996,5 17.852107,6 2876,7 2273,8 34.031221,9 w}
{0 264,1 0.547718,2 17,3 28.352941,4 1.688797,5 18.146156,6 2860,7 2259,8 35.184566,9 w}
{0 239,1 0.498956,2 18,3 26.611111,4 1.659708,5 17.325029,6 2932,7 2293,8 39.413449,9 w}
{0 226,1 0.471816,2 13,3 36.846154,4 1.665971,5 20.834495,6 2825,7 2250,8 28.495026,9 w}
{0 223,1 0.468487,2 14,3 34,4 1.621849,5 19.566387,6 2784,7 2206,8 35.116597,9 w}
{0 245,1 0.502049,2 23,3 21.217391,4 1.981557,5 20.536137,6 3093,7 2513,8 17.659594,9 y}
{0 246,1 0.503067,2 17,3 28.764706,4 1.844581,5 21.240034,6 2961,7 2399,8 21.58729,9 y}
{0 261,1 0.539256,2 18,3 26.888889,4 1.948347,5 21.91258,6 3091,7 2537,8 14.712612,9 y}
{0 251,1 0.502,2 21,3 23.809524,4 1.936,5 20.56381,6 3191,7 2573,8 18.882733,9 y}
{0 265,1 0.545267,2 20,3 24.3,4 1.884774,5 20.584198,6 3140,7 2532,8 22.718648,9 y}
{0 243,1 0.484064,2 18,3 27.888889,4 1.800797,5 20.079858,6 3059,7 2457,8 26.180367,9 y}
{0 274,1 0.561475,2 24,3 20.333333,4 1.813525,5 17.149727,6 3049,7 2447,8 32.772486,9 y}
{0 234,1 0.459725,2 18,3 28.277778,4 1.770138,5 19.64117,6 2977,7 2360,8 28.379421,9 y}
{0 270,1 0.520231,2 23,3 22.565217,4 1.938343,5 21.203351,6 3352,7 2708,8 19.947489,9 y}
{0 275,1 0.552209,2 18,3 27.666667,4 1.89759,5 21.829719,6 3240,7 2636,8 18.217189,9 y}
{0 281,1 0.578189,2 21,3 23.142857,4 2.047325,5 22.508172,6 3282,7 2677,8 10.141296,9 y}
{0 283,1 0.559289,2 18,3 28.111111,4 1.849802,5 20.888713,6 3201,7 2612,8 21.808942,9 y}

Calculating InfoGain on the training set's features
===================================================
Features InfoGain score (non-zero only):
----------------------------------------
> Flesch-Reading-Ease-Score{-}       0.344067
> Gunning-Fog-Readability-Index{-}   0.341985
> Unique-Words-Count{-}              0.313012
> Character-Space{-}                 0.305568
> Average-Sentence-Length{-}         0.290595
> Sentence-Count{-}                  0.279176

Feature-type breakdown:
-----------------------
> Letter-Space                    0.000000 (0.00%)
> Sentence-Count                  0.279176 (14.89%)
> Unique-Words-Count              0.313012 (16.70%)
> Average-Syllables-in-Word       0.000000 (0.00%)
> Complexity                      0.000000 (0.00%)
> Gunning-Fog-Readability-Index   0.341985 (18.25%)
> Average-Sentence-Length         0.290595 (15.50%)
> Flesch-Reading-Ease-Score       0.344067 (18.36%)
> Character-Space                 0.305568 (16.30%)

done!

2013-03-22, 16:28:50 Starting 10-folds cross-validation on training corpus phase...

================================================================================

Running analysis with classifier 1 out of 1:
> Classifier: weka.classifiers.functions.SMO
> Options:    -C 1.0 -L 0.0010 -P 1.0E-12 -N 0 -V -1 -W 1 -K weka.classifiers.functions.supportVector.PolyKernel -C 250007 -E 1.0 

2013-03-22, 16:28:50 Starting cross validation...
2013-03-22, 16:29:24 done!

=== Summary ===

Correctly Classified Instances          83               27.3026 %
Incorrectly Classified Instances       221               72.6974 %
Kappa statistic                          0.2281
Mean absolute error                      0.0921
Root mean squared error                  0.2133
Relative absolute error                 97.0821 %
Root relative squared error             97.9363 %
Total Number of Instances              304     

=== Detailed Accuracy By Class ===

               TP Rate   FP Rate   Precision   Recall  F-Measure   ROC Area  Class
                 0.143     0.045      0.133     0.143     0.138      0.707    aa
                 0.5       0.094      0.25      0.5       0.333      0.743    c
                 0.231     0          1         0.231     0.375      0.909    d
                 0.25      0.014      0.5       0.25      0.333      0.819    g
                 0.071     0.014      0.2       0.071     0.105      0.77     gg
                 0.722     0.164      0.217     0.722     0.333      0.84     h
                 0.6       0.095      0.308     0.6       0.407      0.797    hh
                 0         0          0         0         0          0.718    j
                 0         0          0         0         0          0.728    ll
                 0.071     0.01       0.25      0.071     0.111      0.758    m
                 0         0.003      0         0         0          0.571    mm
                 0.077     0.014      0.2       0.077     0.111      0.705    n
                 0.4       0.028      0.429     0.4       0.414      0.872    o
                 0.7       0.123      0.286     0.7       0.406      0.905    p
                 0.333     0.045      0.278     0.333     0.303      0.88     q
                 0         0          0         0         0          0.842    rr
                 0         0.014      0         0         0          0.711    s
                 0.667     0.108      0.279     0.667     0.393      0.902    uu
                 0         0          0         0         0          0.626    w
                 0         0          0         0         0          0.849    y
Weighted Avg.    0.273     0.045      0.223     0.273     0.206      0.787

=== Confusion Matrix ===

  a  b  c  d  e  f  g  h  i  j  k  l  m  n  o  p  q  r  s  t   <-- classified as
  2  0  0  1  1  1  0  0  0  1  0  2  0  5  1  0  0  0  0  0 |  a = aa
  1  9  0  0  0  4  2  0  0  0  0  0  0  0  0  0  1  1  0  0 |  b = c
  0  1  3  0  0  4  0  0  0  0  0  0  3  1  0  0  0  1  0  0 |  c = d
  0  0  0  4  2  0  5  0  0  0  0  0  0  2  0  0  0  3  0  0 |  d = g
  0  1  0  0  1  0  4  0  0  0  0  0  1  3  0  0  0  4  0  0 |  e = gg
  0  4  0  0  0 13  0  0  0  0  0  0  0  0  1  0  0  0  0  0 |  f = h
  0  2  0  1  0  0 12  0  0  0  1  0  0  1  1  0  0  2  0  0 |  g = hh
  0  6  0  0  0  4  0  0  0  0  0  0  0  0  1  0  0  4  0  0 |  h = j
  1  1  0  0  0  1  0  0  0  0  0  0  0  8  0  0  1  1  0  0 |  i = ll
  2  0  0  0  0  8  0  0  0  1  0  0  0  1  1  0  0  1  0  0 |  j = m
  1  2  0  0  1  3  3  0  0  0  0  1  0  1  0  0  1  1  0  0 |  k = mm
  2  0  0  0  0  4  1  0  0  2  0  1  0  0  0  0  0  3  0  0 |  l = n
  0  0  0  0  0  3  0  0  0  0  0  0  6  4  0  0  0  2  0  0 |  m = o
  1  0  0  1  0  0  2  0  0  0  0  1  1 14  0  0  0  0  0  0 |  n = p
  0  2  0  0  0  2  2  0  0  0  0  0  0  3  5  0  1  0  0  0 |  o = q
  0  3  0  0  0  1  5  0  0  0  0  0  0  0  5  0  0  0  0  0 |  p = rr
  1  1  0  1  0  2  2  0  0  0  0  0  0  4  2  0  0  1  0  0 |  q = s
  2  2  0  0  0  1  1  0  0  0  0  0  0  0  0  0  0 12  0  0 |  r = uu
  1  2  0  0  0  3  0  0  0  0  0  0  1  2  1  0  0  4  0  0 |  s = w
  1  0  0  0  0  6  0  0  0  0  0  0  2  0  0  0  0  3  0  0 |  t = y

