============================ JStylo Analysis Output ============================
Started analysis on 2013-03-22, 16:20:46
Running 10-folds cross validation on training corpus

Training corpus:
> e (16 documents)
> hh (20 documents)
> ii (14 documents)
> j (15 documents)
> k (19 documents)
> n (13 documents)
> rr (14 documents)
> s (14 documents)
> t (13 documents)
> uu (18 documents)

Feature set: 9 feature-set:
> Unique Words Count
> Complexity
> Sentence Count
> Average Sentence Length
> Average Syllables in Word
> Gunning-Fog Readability Index
> Character Space
> Letter Space
> Flesch Reading Ease Score

Classifiers used:
> weka.classifiers.functions.SMO                    	-C 1.0 -L 0.0010 -P 1.0E-12 -N 0 -V -1 -W 1 -K weka.classifiers.functions.supportVector.PolyKernel -C 250007 -E 1.0 

================================================================================

2013-03-22, 16:20:46 Extracting features from training corpus (using sparse representation)...
2013-03-22, 16:20:50 done!

Training corpus features (ARFF):
================================
@relation JStylo

@attribute 'Unique-Words-Count{-}' numeric
@attribute 'Complexity{-}' numeric
@attribute 'Sentence-Count{-}' numeric
@attribute 'Average-Sentence-Length{-}' numeric
@attribute 'Average-Syllables-in-Word{-}' numeric
@attribute 'Gunning-Fog-Readability-Index{-}' numeric
@attribute 'Character-Space{-}' numeric
@attribute 'Letter-Space{-}' numeric
@attribute 'Flesch-Reading-Ease-Score{-}' numeric
@attribute authorName {e,hh,ii,j,k,n,rr,s,t,uu}

@data
{0 229,1 0.459839,2 26,3 19.153846,4 1.827309,5 16.978808,6 3150,7 2455,8 32.803485}
{0 227,1 0.458586,2 28,3 17.678571,4 1.921212,5 18.707792,6 3185,7 2500,8 26.356705}
{0 259,1 0.528571,2 20,3 24.5,4 1.926531,5 20.738776,6 3147,7 2516,8 18.98301}
{0 232,1 0.462151,2 21,3 23.904762,4 1.772908,5 17.530032,6 3047,7 2371,8 32.583619}
{0 231,1 0.472393,2 17,3 28.764706,4 1.811861,5 20.340238,6 3029,7 2397,8 24.355388}
{0 225,1 0.454545,2 19,3 26.052632,4 1.929293,5 20.441255,6 3123,7 2563,8 17.173397}
{0 204,1 0.403162,2 15,3 33.733333,4 1.942688,5 24.16527,6 3243,7 2678,8 8.244283}
{0 252,1 0.529412,2 22,3 21.636364,4 1.953782,5 19.158747,6 3129,7 2539,8 19.584175}
{0 215,1 0.438776,2 18,3 27.222222,4 1.602041,5 16.76644,6 2838,7 2246,8 43.671791}
{0 233,1 0.462302,2 18,3 28,4 1.615079,5 17.073016,6 2979,7 2320,8 41.779286}
{0 222,1 0.466387,2 16,3 29.75,4 1.613445,5 17.614286,6 2814,7 2215,8 40.141271}
{0 215,1 0.440574,2 14,3 34.857143,4 1.52459,5 18.533021,6 2816,7 2215,8 42.474672}
{0 227,1 0.459514,2 20,3 24.7,4 1.751012,5 18.462996,6 3069,7 2471,8 33.628872}
{0 227,1 0.468041,2 17,3 28.529412,4 1.857732,5 21.885992,6 3171,7 2570,8 20.713523}
{0 221,1 0.440239,2 21,3 23.904762,4 1.776892,5 17.211307,6 3084,7 2471,8 32.246567}
{0 228,1 0.461538,2 17,3 29.058824,4 1.84413,5 20.773327,6 3179,7 2583,8 21.326934}
{0 229,1 0.472165,2 20,3 24.25,4 1.558763,5 15.308247,6 2696,7 2104,8 50.34991,9 hh}
{0 215,1 0.433468,2 32,3 15.5,4 1.461694,5 10.151613,6 2668,7 2018,8 67.443226,9 hh}
{0 240,1 0.47619,2 32,3 15.75,4 1.458333,5 10.268254,6 2723,7 2097,8 67.47375,9 hh}
{0 221,1 0.441118,2 31,3 16.16129,4 1.433134,5 10.217011,6 2612,7 1989,8 69.188177,9 hh}
{0 215,1 0.432596,2 21,3 23.666667,4 1.643863,5 16.710127,6 2740,7 2115,8 43.742508,9 hh}
{0 219,1 0.442424,2 28,3 17.678571,4 1.559596,5 13.374459,6 2731,7 2121,8 56.949432,9 hh}
{0 240,1 0.502092,2 28,3 17.071429,4 1.516736,5 11.849492,6 2631,7 2021,8 61.1916,9 hh}
{0 238,1 0.480808,2 25,3 19.8,4 1.466667,5 12.445253,6 2651,7 2035,8 62.658,9 hh}
{0 242,1 0.483034,2 30,3 16.7,4 1.473054,5 11.390579,6 2786,7 2127,8 65.264141,9 hh}
{0 220,1 0.474138,2 23,3 20.173913,4 1.55819,5 13.845427,6 2644,7 2001,8 54.535633,9 hh}
{0 237,1 0.478788,2 21,3 23.571429,4 1.719192,5 17.105339,6 2976,7 2367,8 37.466364,9 hh}
{0 241,1 0.493852,2 23,3 21.217391,4 1.772541,5 17.175481,6 3066,7 2437,8 35.342381,9 hh}
{0 271,1 0.545272,2 27,3 18.407407,4 1.756539,5 15.89415,6 3104,7 2439,8 39.548262,9 hh}
{0 216,1 0.459574,2 24,3 19.583333,4 1.855319,5 17.109929,6 2944,7 2346,8 29.997917,9 hh}
{0 244,1 0.494929,2 23,3 21.434783,4 1.711968,5 16.36296,6 2979,7 2352,8 40.246241,9 hh}
{0 222,1 0.455852,2 26,3 18.730769,4 1.689938,5 15.377318,6 2903,7 2265,8 44.854481,9 hh}
{0 240,1 0.479042,2 26,3 19.269231,4 1.646707,5 14.73364,6 2928,7 2307,8 47.965354,9 hh}
{0 246,1 0.482353,2 21,3 24.285714,4 1.678431,5 17.165266,6 3006,7 2407,8 40.189706,9 hh}
{0 253,1 0.511111,2 25,3 19.8,4 1.755556,5 16.728081,6 3061,7 2452,8 38.218,9 hh}
{0 242,1 0.490872,2 24,3 20.541667,4 1.667343,5 15.518898,6 2847,7 2287,8 44.928008,9 hh}
{0 252,1 0.510121,2 28,3 17.642857,4 1.459514,5 11.024754,6 2640,7 2042,8 65.452601,9 ii}
{0 263,1 0.533469,2 31,3 15.903226,4 1.535497,5 11.472852,6 2735,7 2130,8 60.790183,9 ii}
{0 243,1 0.501031,2 27,3 17.962963,4 1.459794,5 11.391371,6 2585,7 1991,8 65.104036,9 ii}
{0 248,1 0.503043,2 26,3 18.961538,4 1.529412,5 13.264129,6 2689,7 2092,8 58.200803,9 ii}
{0 249,1 0.523109,2 27,3 17.62963,4 1.510504,5 12.009835,6 2636,7 2039,8 61.15227,9 ii}
{0 250,1 0.524109,2 29,3 16.448276,4 1.580713,5 11.946187,6 2700,7 2094,8 56.411698,9 ii}
{0 262,1 0.545833,2 25,3 19.2,4 1.710417,5 15.013333,6 2825,7 2254,8 42.64575,9 ii}
{0 252,1 0.507042,2 17,3 29.235294,4 1.750503,5 20.064339,6 2941,7 2394,8 29.068621,9 ii}
{0 238,1 0.496868,2 18,3 26.611111,4 1.899791,5 20.247785,6 3049,7 2497,8 19.102384,9 ii}
{0 247,1 0.489109,2 22,3 22.954545,4 1.841584,5 17.973897,6 3232,7 2644,8 27.738117,9 ii}
{0 235,1 0.478615,2 16,3 30.6875,4 1.832994,5 20.910438,6 3038,7 2452,8 20.615904,9 ii}
{0 275,1 0.528846,2 21,3 24.761905,4 1.776923,5 17.981685,6 3110,7 2507,8 31.373974,9 ii}
{0 263,1 0.518738,2 24,3 21.125,4 1.621302,5 14.524951,6 2839,7 2230,8 48.230995,9 ii}
{0 246,1 0.504098,2 22,3 22.181818,4 1.64959,5 15.594039,6 2787,7 2213,8 44.765127,9 ii}
{0 206,1 0.406312,2 16,3 31.6875,4 1.666667,5 19.696696,6 2840,7 2233,8 33.672188,9 j}
{0 237,1 0.478788,2 17,3 29.117647,4 1.747475,5 19.16221,6 3035,7 2440,8 29.444225,9 j}
{0 223,1 0.44511,2 22,3 22.772727,4 1.790419,5 18.051207,6 2997,7 2415,8 32.251221,9 j}
{0 252,1 0.515337,2 16,3 30.5625,4 1.748466,5 21.386554,6 2970,7 2380,8 27.893817,9 j}
{0 247,1 0.505112,2 18,3 27.166667,4 1.693252,5 17.492434,6 2892,7 2274,8 36.011754,9 j}
{0 253,1 0.517382,2 20,3 24.45,4 1.879346,5 20.659346,6 3117,7 2544,8 23.025612,9 j}
{0 207,1 0.417339,2 19,3 26.105263,4 1.814516,5 19.555008,6 3024,7 2441,8 26.830093,9 j}
{0 215,1 0.446058,2 20,3 24.1,4 1.956432,5 20.84332,6 3065,7 2441,8 16.859392,9 j}
{0 236,1 0.476768,2 21,3 23.571429,4 1.761616,5 17.832612,6 3015,7 2426,8 33.877273,9 j}
{0 260,1 0.521042,2 26,3 19.192308,4 1.779559,5 16.013596,6 3008,7 2385,8 36.804106,9 j}
{0 255,1 0.49323,2 24,3 21.541667,4 1.787234,5 18.133108,6 3177,7 2561,8 33.770208,9 j}
{0 228,1 0.454183,2 22,3 22.818182,4 1.820717,5 18.848388,6 3061,7 2438,8 29.641876,9 j}
{0 220,1 0.458333,2 21,3 22.857143,4 1.914583,5 19.47619,6 3013,7 2432,8 21.66125,9 j}
{0 265,1 0.548654,2 27,3 17.888889,4 1.855072,5 16.844997,6 3066,7 2507,8 31.738647,9 j}
{0 263,1 0.526,2 24,3 20.833333,4 1.8,5 17.053333,6 3108,7 2507,8 33.409167,9 j}
{0 254,1 0.522634,2 25,3 19.44,4 1.504115,5 11.562008,6 2627,7 2034,8 59.855252,9 k}
{0 257,1 0.525562,2 28,3 17.464286,4 1.550102,5 11.566491,6 2775,7 2201,8 57.9701,9 k}
{0 253,1 0.512146,2 28,3 17.642857,4 1.540486,5 11.510584,6 2783,7 2223,8 58.602399,9 k}
{0 253,1 0.524896,2 28,3 17.214286,4 1.489627,5 10.039241,6 2573,7 2007,8 63.340093,9 k}
{0 263,1 0.538934,2 33,3 14.787879,4 1.465164,5 10.177447,6 2609,7 2016,8 67.872434,9 k}
{0 277,1 0.558468,2 29,3 17.103448,4 1.467742,5 10.551057,6 2607,7 2020,8 65.304032,9 k}
{0 247,1 0.504082,2 33,3 14.848485,4 1.477551,5 10.265925,6 2609,7 2024,8 66.762972,9 k}
{0 244,1 0.525862,2 31,3 14.967742,4 1.480603,5 9.7802,6 2468,7 1920,8 66.38369,9 k}
{0 237,1 0.5,2 32,3 14.8125,4 1.504219,5 10.481962,6 2513,7 1938,8 64.54335,9 k}
{0 265,1 0.546392,2 26,3 18.653846,4 1.645361,5 14.059477,6 2860,7 2282,8 48.70382,9 k}
{0 243,1 0.481188,2 28,3 18.035714,4 1.520792,5 11.491513,6 2796,7 2200,8 59.86974,9 k}
{0 257,1 0.519192,2 30,3 16.5,4 1.664646,5 14.6,6 2897,7 2310,8 49.258409,9 k}
{0 257,1 0.528807,2 24,3 20.25,4 1.773663,5 17.235802,6 2900,7 2323,8 36.229398,9 k}
{0 280,1 0.564516,2 34,3 14.588235,4 1.758065,5 13.174004,6 2936,7 2357,8 43.295683,9 k}
{0 273,1 0.549296,2 28,3 17.75,4 1.692153,5 14.021529,6 2945,7 2375,8 45.662613,9 k}
{0 258,1 0.552463,2 22,3 21.227273,4 1.599572,5 13.630095,6 2612,7 2057,8 49.965549,9 k}
{0 240,1 0.508475,2 20,3 23.6,4 1.525424,5 14.948475,6 2664,7 2077,8 53.830153,9 k}
{0 271,1 0.549696,2 18,3 27.388889,4 1.604462,5 17.121884,6 2838,7 2256,8 43.297752,9 k}
{0 258,1 0.531959,2 16,3 30.3125,4 1.571134,5 16.661082,6 2730,7 2112,8 43.149874,9 k}
{0 234,1 0.464286,2 23,3 21.913043,4 1.676587,5 15.828709,6 2957,7 2348,8 42.753975,9 n}
{0 250,1 0.514403,2 20,3 24.3,4 1.72428,5 17.868148,6 2958,7 2330,8 36.296426,9 n}
{0 241,1 0.483936,2 20,3 24.9,4 1.710843,5 17.590522,6 3020,7 2407,8 36.824151,9 n}
{0 281,1 0.55754,2 23,3 21.913043,4 1.777778,5 17.336646,6 3100,7 2463,8 34.193261,9 n}
{0 267,1 0.536145,2 21,3 23.714286,4 1.835341,5 18.240734,6 3119,7 2509,8 27.49512,9 n}
{0 264,1 0.545455,2 19,3 25.473684,4 1.826446,5 18.70187,6 3098,7 2495,8 26.461855,9 n}
{0 256,1 0.552916,2 18,3 25.722222,4 1.794816,5 19.532949,6 3011,7 2354,8 28.885476,9 n}
{0 259,1 0.545263,2 23,3 20.652174,4 1.791579,5 17.271396,6 3025,7 2378,8 34.305465,9 n}
{0 250,1 0.519751,2 18,3 26.722222,4 1.810811,5 19.088057,6 3096,7 2475,8 26.51735,9 n}
{0 257,1 0.536534,2 20,3 23.95,4 1.912317,5 20.185428,6 3173,7 2541,8 20.743704,9 n}
{0 261,1 0.531568,2 21,3 23.380952,4 1.771894,5 17.417554,6 3024,7 2445,8 33.201093,9 n}
{0 284,1 0.596639,2 21,3 22.666667,4 1.796218,5 17.301961,6 3033,7 2468,8 31.868249,9 n}
{0 232,1 0.491525,2 19,3 24.842105,4 1.677966,5 16.801249,6 2869,7 2288,8 39.664331,9 n}
{0 213,1 0.429435,2 29,3 17.103448,4 1.784274,5 17.32525,6 3081,7 2499,8 38.525403,9 rr}
{0 223,1 0.446,2 32,3 15.625,4 1.812,5 14.81,6 3062,7 2504,8 37.680425,9 rr}
{0 195,1 0.383104,2 33,3 15.424242,4 1.789784,5 14.971269,6 3241,7 2655,8 39.763677,9 rr}
{0 245,1 0.507246,2 23,3 21,4 1.824017,5 17.840994,6 3051,7 2468,8 31.208199,9 rr}
{0 232,1 0.467742,2 30,3 16.533333,4 1.747984,5 13.952043,6 2975,7 2392,8 42.174231,9 rr}
{0 224,1 0.48172,2 31,3 15,4 1.737634,5 14.344086,6 2834,7 2236,8 44.606129,9 rr}
{0 243,1 0.510504,2 29,3 16.413793,4 1.894958,5 17.405853,6 3018,7 2422,8 29.861555,9 rr}
{0 264,1 0.536585,2 30,3 16.4,4 1.843496,5 15.177886,6 3192,7 2589,8 34.229244,9 rr}
{0 243,1 0.486974,2 21,3 23.761905,4 1.705411,5 17.360473,6 2858,7 2290,8 38.438911,9 rr}
{0 228,1 0.471074,2 30,3 16.133333,4 1.865702,5 17.11449,6 3067,7 2508,8 32.621237,9 rr}
{0 239,1 0.46771,2 19,3 26.894737,4 1.833659,5 20.229519,6 3047,7 2459,8 24.409249,9 rr}
{0 234,1 0.468938,2 36,3 13.861111,4 1.771543,5 13.881118,6 3018,7 2443,8 42.893427,9 rr}
{0 229,1 0.479079,2 35,3 13.657143,4 1.661088,5 12.492146,6 2758,7 2185,8 52.444967,9 rr}
{0 238,1 0.469428,2 32,3 15.84375,4 1.633136,5 12.491346,6 2886,7 2289,8 52.59028,9 rr}
{0 230,1 0.465587,2 24,3 20.583333,4 1.659919,5 15.601754,6 2886,7 2302,8 45.513767,9 s}
{0 266,1 0.538462,2 23,3 21.478261,4 1.769231,5 16.68847,6 3020,7 2428,8 35.357642,9 s}
{0 256,1 0.514056,2 26,3 19.153846,4 1.546185,5 13.284028,6 2741,7 2149,8 56.586617,9 s}
{0 272,1 0.53125,2 27,3 18.962963,4 1.658203,5 15.00706,6 2934,7 2312,8 47.303608,9 s}
{0 244,1 0.484127,2 23,3 21.913043,4 1.748016,5 17.336646,6 2957,7 2360,8 36.711118,9 s}
{0 248,1 0.513458,2 19,3 25.421053,4 1.732919,5 18.864073,6 2868,7 2272,8 34.427663,9 s}
{0 245,1 0.483235,2 27,3 18.777778,4 1.7357,5 15.400657,6 2999,7 2409,8 40.935319,9 s}
{0 257,1 0.530992,2 30,3 16.133333,4 1.652893,5 12.81697,6 2854,7 2258,8 50.624956,9 s}
{0 247,1 0.493014,2 27,3 18.555556,4 1.856287,5 17.242582,6 3102,7 2530,8 30.959195,9 s}
{0 283,1 0.576375,2 24,3 20.458333,4 1.714868,5 15.433842,6 2920,7 2336,8 40.991991,9 s}
{0 262,1 0.527163,2 30,3 16.566667,4 1.841046,5 15.721234,6 3077,7 2468,8 34.267318,9 s}
{0 242,1 0.495902,2 23,3 21.217391,4 1.827869,5 17.667284,6 3036,7 2451,8 30.661643,9 s}
{0 250,1 0.501002,2 30,3 16.633333,4 1.633267,5 12.985999,6 2895,7 2301,8 51.777818,9 s}
{0 269,1 0.520309,2 26,3 19.884615,4 1.649903,5 14.684987,6 3038,7 2413,8 47.070297,9 s}
{0 241,1 0.492843,2 20,3 24.45,4 1.709611,5 17.387362,6 2875,7 2321,8 37.385121,9 t}
{0 264,1 0.54321,2 19,3 25.578947,4 1.781893,5 18.955859,6 2947,7 2387,8 30.12422,9 t}
{0 251,1 0.512245,2 13,3 37.692308,4 1.761224,5 23.321821,6 2987,7 2401,8 19.577716,9 t}
{0 276,1 0.559838,2 15,3 32.866667,4 2.077079,5 24.667965,6 3375,7 2747,8 -2.245559,9 t}
{0 246,1 0.497976,2 18,3 27.444444,4 1.811741,5 20.208547,6 3029,7 2458,8 25.70561,9 t}
{0 252,1 0.514286,2 21,3 23.333333,4 1.761224,5 16.92517,6 2895,7 2345,8 34.152075,9 t}
{0 245,1 0.479452,2 18,3 28.388889,4 1.906067,5 20.983736,6 3215,7 2645,8 16.767049,9 t}
{0 258,1 0.525458,2 18,3 27.277778,4 1.88391,5 19.546549,6 3074,7 2524,8 19.769237,9 t}
{0 251,1 0.518595,2 14,3 34.571429,4 2.018595,5 24.324439,6 3181,7 2627,8 0.97186,9 t}
{0 266,1 0.521569,2 18,3 28.333333,4 1.637255,5 16.980392,6 2898,7 2320,8 39.564902,9 t}
{0 273,1 0.54491,2 27,3 18.555556,4 1.646707,5 13.250566,6 2866,7 2239,8 48.689734,9 t}
{0 258,1 0.530864,2 19,3 25.578947,4 1.884774,5 19.6966,6 3095,7 2538,8 21.420517,9 t}
{0 264,1 0.531187,2 21,3 23.666667,4 1.736419,5 17.032059,6 2935,7 2363,8 35.912327,9 t}
{0 236,1 0.480652,2 16,3 30.6875,4 1.822811,5 21.643635,6 3023,7 2406,8 21.477412,9 uu}
{0 238,1 0.494802,2 13,3 37,4 1.767152,5 23.864449,6 2919,7 2356,8 19.77896,9 uu}
{0 259,1 0.521127,2 16,3 31.0625,4 1.694165,5 19.185563,6 2902,7 2314,8 31.980204,9 uu}
{0 244,1 0.494929,2 12,3 41.083333,4 1.667343,5 22.761934,6 2882,7 2300,8 24.078216,9 uu}
{0 253,1 0.509054,2 18,3 27.611111,4 1.738431,5 18.69032,6 2962,7 2362,8 31.738495,9 uu}
{0 244,1 0.484127,2 16,3 31.5,4 1.787698,5 21.965079,6 3080,7 2485,8 23.623214,9 uu}
{0 234,1 0.474645,2 18,3 27.388889,4 1.6714,5 17.527564,6 2918,7 2342,8 37.634872,9 uu}
{0 242,1 0.482072,2 15,3 33.466667,4 1.641434,5 20.318938,6 2976,7 2355,8 34.000995,9 uu}
{0 241,1 0.475345,2 19,3 26.684211,4 1.627219,5 17.143112,6 2948,7 2324,8 42.087804,9 uu}
{0 242,1 0.486922,2 14,3 35.5,4 1.706237,5 21.845875,6 3025,7 2390,8 26.454814,9 uu}
{0 228,1 0.471074,2 17,3 28.470588,4 1.621901,5 17.256004,6 2809,7 2186,8 40.724543,9 uu}
{0 239,1 0.494824,2 19,3 25.421053,4 1.668737,5 17.042127,6 2880,7 2299,8 39.857476,9 uu}
{0 234,1 0.484472,2 21,3 23,4 1.819876,5 19.386335,6 3064,7 2490,8 29.528509,9 uu}
{0 248,1 0.49501,2 20,3 25.05,4 1.682635,5 17.045948,6 2965,7 2383,8 39.058352,9 uu}

Calculating InfoGain on the training set's features
===================================================
Features InfoGain score (non-zero only):
----------------------------------------
> Gunning-Fog-Readability-Index{-}   0.464475
> Flesch-Reading-Ease-Score{-}       0.434263
> Average-Sentence-Length{-}         0.428108
> Sentence-Count{-}                  0.392369
> Complexity{-}                      0.356037
> Character-Space{-}                 0.337950
> Unique-Words-Count{-}              0.336535
> Average-Syllables-in-Word{-}       0.332212
> Letter-Space{-}                    0.313033

Feature-type breakdown:
-----------------------
> Letter-Space                    0.313033 (9.22%)
> Sentence-Count                  0.392369 (11.56%)
> Unique-Words-Count              0.336535 (9.91%)
> Average-Syllables-in-Word       0.332212 (9.79%)
> Complexity                      0.356037 (10.49%)
> Gunning-Fog-Readability-Index   0.464475 (13.68%)
> Average-Sentence-Length         0.428108 (12.61%)
> Flesch-Reading-Ease-Score       0.434263 (12.79%)
> Character-Space                 0.337950 (9.95%)

done!

2013-03-22, 16:20:50 Starting 10-folds cross-validation on training corpus phase...

================================================================================

Running analysis with classifier 1 out of 1:
> Classifier: weka.classifiers.functions.SMO
> Options:    -C 1.0 -L 0.0010 -P 1.0E-12 -N 0 -V -1 -W 1 -K weka.classifiers.functions.supportVector.PolyKernel -C 250007 -E 1.0 

2013-03-22, 16:20:50 Starting cross validation...
2013-03-22, 16:20:57 done!

=== Summary ===

Correctly Classified Instances          60               39.4737 %
Incorrectly Classified Instances        92               60.5263 %
Kappa statistic                          0.3239
Mean absolute error                      0.1675
Root mean squared error                  0.2855
Relative absolute error                 93.3056 %
Root relative squared error             95.2833 %
Total Number of Instances              152     

=== Detailed Accuracy By Class ===

               TP Rate   FP Rate   Precision   Recall  F-Measure   ROC Area  Class
                 0.5       0.147      0.286     0.5       0.364      0.812    e
                 0.6       0.068      0.571     0.6       0.585      0.805    hh
                 0         0          0         0         0          0.655    ii
                 0.067     0.073      0.091     0.067     0.077      0.687    j
                 0.526     0.113      0.4       0.526     0.455      0.89     k
                 0.615     0.108      0.348     0.615     0.444      0.78     n
                 0.643     0.014      0.818     0.643     0.72       0.855    rr
                 0.214     0.08       0.214     0.214     0.214      0.776    s
                 0.154     0.007      0.667     0.154     0.25       0.804    t
                 0.5       0.065      0.438     0.5       0.467      0.903    uu
Weighted Avg.    0.395     0.07       0.386     0.395     0.368      0.8  

=== Confusion Matrix ===

  a  b  c  d  e  f  g  h  i  j   <-- classified as
  8  1  0  0  0  1  2  0  1  3 |  a = e
  3 12  0  0  2  0  0  3  0  0 |  b = hh
  3  1  0  0  8  1  0  0  0  1 |  c = ii
  8  0  0  1  0  2  0  2  0  2 |  d = j
  0  2  0  0 10  1  0  5  0  1 |  e = k
  2  1  0  2  0  8  0  0  0  0 |  f = n
  1  1  0  2  0  0  9  1  0  0 |  g = rr
  1  2  0  2  4  2  0  3  0  0 |  h = s
  0  0  0  3  1  5  0  0  2  2 |  i = t
  2  1  0  1  0  3  0  0  0  7 |  j = uu

