============================ JStylo Analysis Output ============================
Started analysis on 2013-03-22, 16:26:33
Running 10-folds cross validation on training corpus

Training corpus:
> b (17 documents)
> c (18 documents)
> cc (18 documents)
> dd (14 documents)
> e (16 documents)
> ff (14 documents)
> gg (14 documents)
> hh (20 documents)
> ii (14 documents)
> j (15 documents)
> l (14 documents)
> m (14 documents)
> mm (14 documents)
> n (13 documents)
> nn (13 documents)
> p (20 documents)
> pp (22 documents)
> s (14 documents)
> vv (14 documents)
> w (14 documents)

Feature set: 9 feature-set:
> Unique Words Count
> Complexity
> Sentence Count
> Average Sentence Length
> Average Syllables in Word
> Gunning-Fog Readability Index
> Character Space
> Letter Space
> Flesch Reading Ease Score

Classifiers used:
> weka.classifiers.functions.SMO                    	-C 1.0 -L 0.0010 -P 1.0E-12 -N 0 -V -1 -W 1 -K weka.classifiers.functions.supportVector.PolyKernel -C 250007 -E 1.0 

================================================================================

2013-03-22, 16:26:33 Extracting features from training corpus (using sparse representation)...
2013-03-22, 16:26:39 done!

Training corpus features (ARFF):
================================
@relation JStylo

@attribute 'Unique-Words-Count{-}' numeric
@attribute 'Complexity{-}' numeric
@attribute 'Sentence-Count{-}' numeric
@attribute 'Average-Sentence-Length{-}' numeric
@attribute 'Average-Syllables-in-Word{-}' numeric
@attribute 'Gunning-Fog-Readability-Index{-}' numeric
@attribute 'Character-Space{-}' numeric
@attribute 'Letter-Space{-}' numeric
@attribute 'Flesch-Reading-Ease-Score{-}' numeric
@attribute authorName {b,c,cc,dd,e,ff,gg,hh,ii,j,l,m,mm,n,nn,p,pp,s,vv,w}

@data
{0 265,1 0.534274,2 27,3 18.37037,4 1.814516,5 15.573955,6 3260,7 2444,8 34.68101}
{0 255,1 0.529046,2 30,3 16.066667,4 1.848548,5 15.14036,6 3151,7 2399,8 34.140196}
{0 287,1 0.602941,2 18,3 26.444444,4 1.970588,5 20.745845,6 3572,7 2539,8 13.282124}
{0 249,1 0.528662,2 25,3 18.84,4 1.900212,5 17.98186,6 3211,7 2453,8 26.954438}
{0 210,1 0.43299,2 22,3 22.045455,4 1.727835,5 17.642924,6 3060,7 2266,8 38.284018}
{0 240,1 0.48583,2 28,3 17.642857,4 1.696356,5 15.72111,6 3138,7 2283,8 45.415759}
{0 266,1 0.534137,2 28,3 17.785714,4 1.925703,5 18.278944,6 3443,7 2608,8 25.868042}
{0 221,1 0.452869,2 27,3 18.074074,4 1.938525,5 18.377171,6 3236,7 2535,8 24.490634}
{0 257,1 0.534304,2 21,3 22.904762,4 1.89605,5 18.974795,6 3338,7 2499,8 23.180845}
{0 276,1 0.556452,2 19,3 26.105263,4 1.743952,5 18.425976,6 3321,7 2412,8 32.799851}
{0 290,1 0.594262,2 21,3 23.238095,4 1.723361,5 16.180484,6 3192,7 2407,8 37.452022}
{0 268,1 0.546939,2 24,3 20.416667,4 1.565306,5 12.819728,6 3163,7 2243,8 53.687185}
{0 276,1 0.545455,2 23,3 22,4 1.596838,5 13.859289,6 3277,7 2364,8 49.41251}
{0 241,1 0.503132,2 21,3 22.809524,4 1.693111,5 15.052828,6 3135,7 2383,8 40.446173}
{0 263,1 0.516699,2 20,3 25.45,4 1.59332,5 15.838153,6 3132,7 2319,8 46.208358}
{0 277,1 0.559596,2 21,3 23.571429,4 1.70101,5 15.81241,6 3398,7 2487,8 39.004545}
{0 293,1 0.595528,2 10,3 49.2,4 1.804878,5 28.460488,6 3534,7 2501,8 4.204317}
{0 216,1 0.432866,2 26,3 19.192308,4 2.062124,5 21.704979,6 3362,7 2784,8 12.899096,9 c}
{0 212,1 0.43002,2 23,3 21.434783,4 1.884381,5 17.661134,6 3167,7 2605,8 25.660034,9 c}
{0 229,1 0.452569,2 24,3 21.083333,4 1.727273,5 16.496574,6 3072,7 2499,8 39.308144,9 c}
{0 232,1 0.467742,2 20,3 24.8,4 1.800403,5 18.468387,6 3116,7 2540,8 29.348887,9 c}
{0 226,1 0.445759,2 22,3 23.045455,4 1.74359,5 16.949937,6 3084,7 2510,8 35.936171,9 c}
{0 217,1 0.449275,2 20,3 24.15,4 1.89648,5 19.266625,6 3144,7 2585,8 21.880514,9 c}
{0 196,1 0.406639,2 24,3 20.083333,4 1.887967,5 17.825864,6 3108,7 2569,8 26.728425,9 c}
{0 238,1 0.473161,2 22,3 22.863636,4 1.856859,5 19.165335,6 3187,7 2625,8 26.538151,9 c}
{0 212,1 0.446316,2 22,3 21.590909,4 1.941053,5 17.478469,6 3135,7 2591,8 20.707175,9 c}
{0 231,1 0.474333,2 25,3 19.48,4 1.850103,5 17.812534,6 3114,7 2565,8 30.544114,9 c}
{0 218,1 0.438632,2 28,3 17.75,4 1.573441,5 13.2167,6 2684,7 2109,8 55.705672,9 c}
{0 260,1 0.507813,2 21,3 24.380952,4 1.693359,5 16.393006,6 2932,7 2359,8 38.83013,9 c}
{0 241,1 0.490835,2 19,3 25.842105,4 1.741344,5 17.180019,6 2929,7 2384,8 33.287544,9 c}
{0 259,1 0.504873,2 19,3 27,4 1.842105,5 18.831189,6 3190,7 2610,8 23.587895,9 c}
{0 223,1 0.433852,2 25,3 20.56,4 1.706226,5 14.527502,6 3036,7 2461,8 41.619907,9 c}
{0 249,1 0.510246,2 27,3 18.074074,4 1.75,5 14.85258,6 2901,7 2351,8 40.439815,9 c}
{0 242,1 0.477318,2 21,3 24.142857,4 1.607495,5 14.627557,6 2848,7 2271,8 46.335917,9 c}
{0 257,1 0.505906,2 18,3 28.222222,4 1.753937,5 18.769204,6 3085,7 2519,8 29.806374,9 c}
{0 260,1 0.536082,2 14,3 34.642857,4 1.701031,5 20.455081,6 2940,7 2344,8 27.765284,9 cc}
{0 271,1 0.550813,2 14,3 35.142857,4 1.745935,5 21.455517,6 3051,7 2440,8 23.458902,9 cc}
{0 265,1 0.528942,2 19,3 26.368421,4 1.778443,5 18.930602,6 3063,7 2468,8 29.614765,9 cc}
{0 276,1 0.541176,2 19,3 26.842105,4 1.684314,5 17.874097,6 3070,7 2464,8 37.097322,9 cc}
{0 271,1 0.548583,2 16,3 30.875,4 1.728745,5 20.690081,6 2972,7 2361,8 29.245053,9 cc}
{0 248,1 0.506122,2 15,3 32.666667,4 1.804082,5 22.454422,6 3004,7 2418,8 21.053027,9 cc}
{0 302,1 0.618852,2 19,3 25.684211,4 1.883197,5 19.617947,6 3130,7 2542,8 21.447084,9 cc}
{0 274,1 0.540434,2 19,3 26.684211,4 1.830375,5 19.352185,6 3158,7 2528,8 24.900822,9 cc}
{0 284,1 0.589212,2 14,3 34.428571,4 1.759336,5 21.904209,6 2978,7 2356,8 23.050166,9 cc}
{0 279,1 0.559118,2 15,3 33.266667,4 1.805611,5 23.086226,6 3098,7 2476,8 20.314624,9 cc}
{0 270,1 0.54878,2 16,3 30.75,4 1.739837,5 19.535772,6 2981,7 2375,8 28.433506,9 cc}
{0 280,1 0.56,2 16,3 31.25,4 1.862,5 22.42,6 3127,7 2523,8 17.59105,9 cc}
{0 280,1 0.543689,2 18,3 28.611111,4 1.751456,5 19.444444,6 3105,7 2515,8 29.621518,9 cc}
{0 256,1 0.515091,2 20,3 24.85,4 1.742455,5 18.149256,6 2952,7 2379,8 34.20058,9 cc}
{0 274,1 0.558045,2 19,3 25.842105,4 1.788187,5 19.298146,6 3020,7 2446,8 29.324611,9 cc}
{0 259,1 0.526423,2 13,3 37.846154,4 1.723577,5 22.94334,6 2988,7 2401,8 22.60652,9 cc}
{0 240,1 0.494845,2 15,3 32.333333,4 1.754639,5 20.685911,6 2947,7 2393,8 25.574192,9 cc}
{0 256,1 0.52459,2 19,3 25.684211,4 1.811475,5 19.781881,6 3064,7 2473,8 27.514707,9 cc}
{0 254,1 0.533613,2 20,3 23.8,4 1.670168,5 15.738487,6 3018,7 2171,8 41.381782,9 dd}
{0 266,1 0.530938,2 20,3 25.05,4 1.562874,5 14.890259,6 3125,7 2260,8 49.190088,9 dd}
{0 259,1 0.560606,2 17,3 27.176471,4 1.601732,5 16.325134,6 3075,7 2145,8 43.744389,9 dd}
{0 288,1 0.586558,2 21,3 23.380952,4 1.696538,5 16.358491,6 3281,7 2382,8 39.576246,9 dd}
{0 284,1 0.566866,2 19,3 26.368421,4 1.58483,5 16.934594,6 3021,7 2205,8 45.994406,9 dd}
{0 235,1 0.47,2 19,3 26.315789,4 1.404,5 14.286316,6 2841,7 2054,8 61.346074,9 dd}
{0 272,1 0.546185,2 19,3 26.210526,4 1.550201,5 15.865737,6 2982,7 2197,8 49.084328,9 dd}
{0 287,1 0.601677,2 20,3 23.85,4 1.675052,5 15.997023,6 3090,7 2240,8 40.917816,9 dd}
{0 223,1 0.44246,2 14,3 36,4 1.460317,5 18.209524,6 3119,7 2062,8 46.752143,9 dd}
{0 273,1 0.552632,2 20,3 24.7,4 1.657895,5 16.519676,6 3329,7 2343,8 41.506605,9 dd}
{0 275,1 0.542406,2 25,3 20.28,4 1.60355,5 14.344742,6 3136,7 2295,8 50.590445,9 dd}
{0 294,1 0.611227,2 21,3 22.904762,4 1.669439,5 16.646312,6 3238,7 2262,8 42.352155,9 dd}
{0 284,1 0.570281,2 21,3 23.714286,4 1.598394,5 15.509811,6 3241,7 2305,8 47.540904,9 dd}
{0 288,1 0.593814,2 21,3 23.095238,4 1.616495,5 15.671085,6 3161,7 2180,8 46.637869,9 dd}
{0 229,1 0.459839,2 26,3 19.153846,4 1.827309,5 16.978808,6 3150,7 2455,8 32.803485,9 e}
{0 227,1 0.458586,2 28,3 17.678571,4 1.921212,5 18.707792,6 3185,7 2500,8 26.356705,9 e}
{0 259,1 0.528571,2 20,3 24.5,4 1.926531,5 20.738776,6 3147,7 2516,8 18.98301,9 e}
{0 232,1 0.462151,2 21,3 23.904762,4 1.772908,5 17.530032,6 3047,7 2371,8 32.583619,9 e}
{0 231,1 0.472393,2 17,3 28.764706,4 1.811861,5 20.340238,6 3029,7 2397,8 24.355388,9 e}
{0 225,1 0.454545,2 19,3 26.052632,4 1.929293,5 20.441255,6 3123,7 2563,8 17.173397,9 e}
{0 204,1 0.403162,2 15,3 33.733333,4 1.942688,5 24.16527,6 3243,7 2678,8 8.244283,9 e}
{0 252,1 0.529412,2 22,3 21.636364,4 1.953782,5 19.158747,6 3129,7 2539,8 19.584175,9 e}
{0 215,1 0.438776,2 18,3 27.222222,4 1.602041,5 16.76644,6 2838,7 2246,8 43.671791,9 e}
{0 233,1 0.462302,2 18,3 28,4 1.615079,5 17.073016,6 2979,7 2320,8 41.779286,9 e}
{0 222,1 0.466387,2 16,3 29.75,4 1.613445,5 17.614286,6 2814,7 2215,8 40.141271,9 e}
{0 215,1 0.440574,2 14,3 34.857143,4 1.52459,5 18.533021,6 2816,7 2215,8 42.474672,9 e}
{0 227,1 0.459514,2 20,3 24.7,4 1.751012,5 18.462996,6 3069,7 2471,8 33.628872,9 e}
{0 227,1 0.468041,2 17,3 28.529412,4 1.857732,5 21.885992,6 3171,7 2570,8 20.713523,9 e}
{0 221,1 0.440239,2 21,3 23.904762,4 1.776892,5 17.211307,6 3084,7 2471,8 32.246567,9 e}
{0 228,1 0.461538,2 17,3 29.058824,4 1.84413,5 20.773327,6 3179,7 2583,8 21.326934,9 e}
{0 258,1 0.530864,2 23,3 21.130435,4 1.800412,5 17.011845,6 3023,7 2427,8 33.072794,9 ff}
{0 263,1 0.544513,2 20,3 24.15,4 1.745342,5 17.196232,6 3044,7 2379,8 34.666849,9 ff}
{0 285,1 0.576923,2 21,3 23.52381,4 1.769231,5 17.830576,6 3091,7 2449,8 33.28141,9 ff}
{0 258,1 0.525458,2 20,3 24.55,4 1.672098,5 16.907576,6 2949,7 2326,8 40.45728,9 ff}
{0 240,1 0.478088,2 20,3 25.1,4 1.74502,5 18.247171,6 3025,7 2406,8 33.729815,9 ff}
{0 249,1 0.526427,2 19,3 24.894737,4 1.676533,5 16.976922,6 2893,7 2182,8 39.73217,9 ff}
{0 262,1 0.544699,2 22,3 21.863636,4 1.677755,5 16.811983,6 2980,7 2294,8 42.705363,9 ff}
{0 256,1 0.520325,2 15,3 32.8,4 1.676829,5 19.542764,6 2902,7 2250,8 31.683244,9 ff}
{0 286,1 0.592133,2 22,3 21.954545,4 1.708075,5 15.241446,6 3027,7 2328,8 40.048031,9 ff}
{0 267,1 0.531873,2 21,3 23.904762,4 1.788845,5 18.565889,6 3103,7 2438,8 31.235412,9 ff}
{0 259,1 0.552239,2 24,3 19.541667,4 1.767591,5 16.516027,6 2859,7 2246,8 37.462042,9 ff}
{0 270,1 0.572034,2 21,3 22.47619,4 1.663136,5 16.10912,6 2857,7 2183,8 43.320395,9 ff}
{0 261,1 0.552966,2 24,3 19.666667,4 1.771186,5 17.103955,6 3013,7 2256,8 37.03096,9 ff}
{0 275,1 0.555556,2 21,3 23.571429,4 1.654545,5 16.701299,6 2971,7 2287,8 42.935455,9 ff}
{0 283,1 0.557087,2 17,3 29.882353,4 1.624016,5 18.252154,6 2998,7 2370,8 39.112679,9 gg}
{0 293,1 0.567829,2 13,3 39.692308,4 1.655039,5 22.311032,6 3130,7 2450,8 26.531029,9 gg}
{0 253,1 0.498031,2 23,3 22.086957,4 1.511811,5 13.401712,6 2837,7 2172,8 56.517527,9 gg}
{0 242,1 0.49187,2 17,3 28.941176,4 1.739837,5 19.869154,6 2973,7 2384,8 30.269462,9 gg}
{0 198,1 0.404908,2 17,3 28.764706,4 1.785276,5 20.258439,6 2914,7 2371,8 26.604468,9 gg}
{0 201,1 0.411885,2 17,3 28.705882,4 1.807377,5 21.482353,6 2979,7 2423,8 24.794431,9 gg}
{0 195,1 0.409664,2 18,3 26.444444,4 1.77521,5 19.149206,6 2793,7 2263,8 29.811116,9 gg}
{0 211,1 0.426263,2 23,3 21.521739,4 1.876768,5 19.275362,6 3022,7 2479,8 26.215889,9 gg}
{0 233,1 0.460474,2 21,3 24.095238,4 1.561265,5 14.381178,6 2847,7 2260,8 50.295329,9 gg}
{0 267,1 0.531873,2 21,3 23.904762,4 1.412351,5 12.749156,6 2727,7 2138,8 63.086806,9 gg}
{0 262,1 0.543568,2 21,3 22.952381,4 1.537344,5 13.911243,6 2742,7 2166,8 53.478997,9 gg}
{0 207,1 0.413174,2 18,3 27.833333,4 1.62475,5 17.360878,6 2872,7 2298,8 41.130274,9 gg}
{0 241,1 0.483936,2 25,3 19.92,4 1.604418,5 13.59049,6 2877,7 2270,8 50.882465,9 gg}
{0 218,1 0.449485,2 23,3 21.086957,4 1.531959,5 12.805917,6 2693,7 2116,8 55.828028,9 gg}
{0 229,1 0.472165,2 20,3 24.25,4 1.558763,5 15.308247,6 2696,7 2104,8 50.34991,9 hh}
{0 215,1 0.433468,2 32,3 15.5,4 1.461694,5 10.151613,6 2668,7 2018,8 67.443226,9 hh}
{0 240,1 0.47619,2 32,3 15.75,4 1.458333,5 10.268254,6 2723,7 2097,8 67.47375,9 hh}
{0 221,1 0.441118,2 31,3 16.16129,4 1.433134,5 10.217011,6 2612,7 1989,8 69.188177,9 hh}
{0 215,1 0.432596,2 21,3 23.666667,4 1.643863,5 16.710127,6 2740,7 2115,8 43.742508,9 hh}
{0 219,1 0.442424,2 28,3 17.678571,4 1.559596,5 13.374459,6 2731,7 2121,8 56.949432,9 hh}
{0 240,1 0.502092,2 28,3 17.071429,4 1.516736,5 11.849492,6 2631,7 2021,8 61.1916,9 hh}
{0 238,1 0.480808,2 25,3 19.8,4 1.466667,5 12.445253,6 2651,7 2035,8 62.658,9 hh}
{0 242,1 0.483034,2 30,3 16.7,4 1.473054,5 11.390579,6 2786,7 2127,8 65.264141,9 hh}
{0 220,1 0.474138,2 23,3 20.173913,4 1.55819,5 13.845427,6 2644,7 2001,8 54.535633,9 hh}
{0 237,1 0.478788,2 21,3 23.571429,4 1.719192,5 17.105339,6 2976,7 2367,8 37.466364,9 hh}
{0 241,1 0.493852,2 23,3 21.217391,4 1.772541,5 17.175481,6 3066,7 2437,8 35.342381,9 hh}
{0 271,1 0.545272,2 27,3 18.407407,4 1.756539,5 15.89415,6 3104,7 2439,8 39.548262,9 hh}
{0 216,1 0.459574,2 24,3 19.583333,4 1.855319,5 17.109929,6 2944,7 2346,8 29.997917,9 hh}
{0 244,1 0.494929,2 23,3 21.434783,4 1.711968,5 16.36296,6 2979,7 2352,8 40.246241,9 hh}
{0 222,1 0.455852,2 26,3 18.730769,4 1.689938,5 15.377318,6 2903,7 2265,8 44.854481,9 hh}
{0 240,1 0.479042,2 26,3 19.269231,4 1.646707,5 14.73364,6 2928,7 2307,8 47.965354,9 hh}
{0 246,1 0.482353,2 21,3 24.285714,4 1.678431,5 17.165266,6 3006,7 2407,8 40.189706,9 hh}
{0 253,1 0.511111,2 25,3 19.8,4 1.755556,5 16.728081,6 3061,7 2452,8 38.218,9 hh}
{0 242,1 0.490872,2 24,3 20.541667,4 1.667343,5 15.518898,6 2847,7 2287,8 44.928008,9 hh}
{0 252,1 0.510121,2 28,3 17.642857,4 1.459514,5 11.024754,6 2640,7 2042,8 65.452601,9 ii}
{0 263,1 0.533469,2 31,3 15.903226,4 1.535497,5 11.472852,6 2735,7 2130,8 60.790183,9 ii}
{0 243,1 0.501031,2 27,3 17.962963,4 1.459794,5 11.391371,6 2585,7 1991,8 65.104036,9 ii}
{0 248,1 0.503043,2 26,3 18.961538,4 1.529412,5 13.264129,6 2689,7 2092,8 58.200803,9 ii}
{0 249,1 0.523109,2 27,3 17.62963,4 1.510504,5 12.009835,6 2636,7 2039,8 61.15227,9 ii}
{0 250,1 0.524109,2 29,3 16.448276,4 1.580713,5 11.946187,6 2700,7 2094,8 56.411698,9 ii}
{0 262,1 0.545833,2 25,3 19.2,4 1.710417,5 15.013333,6 2825,7 2254,8 42.64575,9 ii}
{0 252,1 0.507042,2 17,3 29.235294,4 1.750503,5 20.064339,6 2941,7 2394,8 29.068621,9 ii}
{0 238,1 0.496868,2 18,3 26.611111,4 1.899791,5 20.247785,6 3049,7 2497,8 19.102384,9 ii}
{0 247,1 0.489109,2 22,3 22.954545,4 1.841584,5 17.973897,6 3232,7 2644,8 27.738117,9 ii}
{0 235,1 0.478615,2 16,3 30.6875,4 1.832994,5 20.910438,6 3038,7 2452,8 20.615904,9 ii}
{0 275,1 0.528846,2 21,3 24.761905,4 1.776923,5 17.981685,6 3110,7 2507,8 31.373974,9 ii}
{0 263,1 0.518738,2 24,3 21.125,4 1.621302,5 14.524951,6 2839,7 2230,8 48.230995,9 ii}
{0 246,1 0.504098,2 22,3 22.181818,4 1.64959,5 15.594039,6 2787,7 2213,8 44.765127,9 ii}
{0 206,1 0.406312,2 16,3 31.6875,4 1.666667,5 19.696696,6 2840,7 2233,8 33.672188,9 j}
{0 237,1 0.478788,2 17,3 29.117647,4 1.747475,5 19.16221,6 3035,7 2440,8 29.444225,9 j}
{0 223,1 0.44511,2 22,3 22.772727,4 1.790419,5 18.051207,6 2997,7 2415,8 32.251221,9 j}
{0 252,1 0.515337,2 16,3 30.5625,4 1.748466,5 21.386554,6 2970,7 2380,8 27.893817,9 j}
{0 247,1 0.505112,2 18,3 27.166667,4 1.693252,5 17.492434,6 2892,7 2274,8 36.011754,9 j}
{0 253,1 0.517382,2 20,3 24.45,4 1.879346,5 20.659346,6 3117,7 2544,8 23.025612,9 j}
{0 207,1 0.417339,2 19,3 26.105263,4 1.814516,5 19.555008,6 3024,7 2441,8 26.830093,9 j}
{0 215,1 0.446058,2 20,3 24.1,4 1.956432,5 20.84332,6 3065,7 2441,8 16.859392,9 j}
{0 236,1 0.476768,2 21,3 23.571429,4 1.761616,5 17.832612,6 3015,7 2426,8 33.877273,9 j}
{0 260,1 0.521042,2 26,3 19.192308,4 1.779559,5 16.013596,6 3008,7 2385,8 36.804106,9 j}
{0 255,1 0.49323,2 24,3 21.541667,4 1.787234,5 18.133108,6 3177,7 2561,8 33.770208,9 j}
{0 228,1 0.454183,2 22,3 22.818182,4 1.820717,5 18.848388,6 3061,7 2438,8 29.641876,9 j}
{0 220,1 0.458333,2 21,3 22.857143,4 1.914583,5 19.47619,6 3013,7 2432,8 21.66125,9 j}
{0 265,1 0.548654,2 27,3 17.888889,4 1.855072,5 16.844997,6 3066,7 2507,8 31.738647,9 j}
{0 263,1 0.526,2 24,3 20.833333,4 1.8,5 17.053333,6 3108,7 2507,8 33.409167,9 j}
{0 285,1 0.584016,2 15,3 32.533333,4 1.784836,5 21.128087,6 3070,7 2431,8 22.816536,9 l}
{0 284,1 0.618736,2 18,3 25.5,4 1.949891,5 21.703268,6 3043,7 2458,8 15.991716,9 l}
{0 302,1 0.62268,2 15,3 32.333333,4 1.874227,5 22.665292,6 3168,7 2528,8 15.457079,9 l}
{0 289,1 0.612288,2 18,3 26.222222,4 1.904661,5 21.336347,6 3131,7 2524,8 19.085122,9 l}
{0 279,1 0.580042,2 19,3 25.315789,4 1.66736,5 16.695962,6 2814,7 2244,8 40.080846,9 l}
{0 299,1 0.613963,2 23,3 21.173913,4 1.833676,5 17.997286,6 3141,7 2568,8 30.214525,9 l}
{0 271,1 0.56341,2 31,3 15.516129,4 1.694387,5 13.940339,6 2911,7 2276,8 47.741015,9 l}
{0 259,1 0.525355,2 26,3 18.961538,4 1.610548,5 13.101857,6 2918,7 2270,8 51.336706,9 l}
{0 291,1 0.612632,2 20,3 23.75,4 1.698947,5 16.405263,6 2924,7 2307,8 38.997803,9 l}
{0 282,1 0.579055,2 18,3 27.055556,4 1.691992,5 18.37869,6 2933,7 2320,8 36.231106,9 l}
{0 290,1 0.606695,2 17,3 28.117647,4 1.73431,5 19.61526,6 2871,7 2288,8 31.572994,9 l}
{0 282,1 0.574338,2 18,3 27.277778,4 1.647658,5 17.591356,6 2883,7 2249,8 39.756202,9 l}
{0 285,1 0.603814,2 19,3 24.842105,4 1.794492,5 18.157181,6 3041,7 2351,8 29.80628,9 l}
{0 272,1 0.570231,2 13,3 36.692308,4 1.716981,5 21.888663,6 2907,7 2294,8 24.335704,9 l}
{0 282,1 0.567404,2 20,3 24.85,4 1.895372,5 20.241811,6 3206,7 2629,8 21.263759,9 m}
{0 254,1 0.520492,2 22,3 22.181818,4 2.02459,5 21.659613,6 3345,7 2723,8 13.040127,9 m}
{0 250,1 0.501002,2 20,3 24.95,4 1.783567,5 19.679399,6 3098,7 2465,8 30.62097,9 m}
{0 238,1 0.47505,2 20,3 25.05,4 1.832335,5 20.798443,6 3155,7 2547,8 26.393681,9 m}
{0 250,1 0.523013,2 16,3 29.875,4 1.83682,5 21.740795,6 2981,7 2383,8 21.116896,9 m}
{0 266,1 0.541752,2 19,3 25.842105,4 1.953157,5 21.742137,6 3238,7 2662,8 15.368196,9 m}
{0 258,1 0.512922,2 21,3 23.952381,4 1.829026,5 17.930853,6 3188,7 2537,8 27.787747,9 m}
{0 280,1 0.571429,2 32,3 15.3125,4 1.879592,5 14.451531,6 3197,7 2603,8 32.279343,9 m}
{0 274,1 0.563786,2 27,3 18,4 1.8107,5 15.595062,6 3032,7 2413,8 35.379815,9 m}
{0 275,1 0.565844,2 25,3 19.44,4 1.971193,5 19.134025,6 3296,7 2706,8 20.340437,9 m}
{0 269,1 0.550102,2 18,3 27.166667,4 1.805726,5 19.373824,6 3064,7 2487,8 26.496416,9 m}
{0 256,1 0.547009,2 21,3 22.285714,4 1.758547,5 16.777534,6 2834,7 2304,8 35.441923,9 m}
{0 249,1 0.51875,2 20,3 24,4 1.7,5 16.35,6 2821,7 2286,8 38.655,9 m}
{0 247,1 0.512448,2 17,3 28.352941,4 1.892116,5 21.963583,6 3062,7 2515,8 17.983736,9 m}
{0 231,1 0.462926,2 29,3 17.206897,4 1.657315,5 14.177348,6 2849,7 2227,8 49.161182,9 mm}
{0 231,1 0.462,2 22,3 22.727273,4 1.758,5 17.570909,6 2961,7 2373,8 35.040018,9 mm}
{0 262,1 0.519841,2 25,3 20.16,4 1.704365,5 15.762413,6 2945,7 2358,8 42.183314,9 mm}
{0 248,1 0.497992,2 27,3 18.444444,4 1.728916,5 15.490228,6 2899,7 2295,8 41.847624,9 mm}
{0 238,1 0.474104,2 16,3 31.375,4 1.418327,5 15.816932,6 2651,7 2036,8 54.998937,9 mm}
{0 248,1 0.491089,2 22,3 22.954545,4 1.647525,5 15.835284,6 2860,7 2238,8 44.155542,9 mm}
{0 249,1 0.507128,2 23,3 21.347826,4 1.663951,5 15.952572,6 2823,7 2261,8 44.396692,9 mm}
{0 276,1 0.563265,2 22,3 22.272727,4 1.761224,5 16.745826,6 3026,7 2432,8 35.22859,9 mm}
{0 266,1 0.519531,2 21,3 24.380952,4 1.613281,5 15.689881,6 2935,7 2360,8 45.60474,9 mm}
{0 214,1 0.441237,2 20,3 24.25,4 1.923711,5 19.349485,6 3053,7 2504,8 19.475271,9 mm}
{0 245,1 0.489022,2 25,3 20.04,4 1.884232,5 16.958116,6 3141,7 2569,8 27.088412,9 mm}
{0 240,1 0.48583,2 23,3 21.478261,4 1.888664,5 18.469847,6 3070,7 2500,8 25.253594,9 mm}
{0 239,1 0.488753,2 19,3 25.736842,4 1.850716,5 19.292692,6 3090,7 2499,8 24.141553,9 mm}
{0 238,1 0.484725,2 18,3 27.277778,4 1.800407,5 20.116814,6 3012,7 2436,8 26.833595,9 mm}
{0 234,1 0.464286,2 23,3 21.913043,4 1.676587,5 15.828709,6 2957,7 2348,8 42.753975,9 n}
{0 250,1 0.514403,2 20,3 24.3,4 1.72428,5 17.868148,6 2958,7 2330,8 36.296426,9 n}
{0 241,1 0.483936,2 20,3 24.9,4 1.710843,5 17.590522,6 3020,7 2407,8 36.824151,9 n}
{0 281,1 0.55754,2 23,3 21.913043,4 1.777778,5 17.336646,6 3100,7 2463,8 34.193261,9 n}
{0 267,1 0.536145,2 21,3 23.714286,4 1.835341,5 18.240734,6 3119,7 2509,8 27.49512,9 n}
{0 264,1 0.545455,2 19,3 25.473684,4 1.826446,5 18.70187,6 3098,7 2495,8 26.461855,9 n}
{0 256,1 0.552916,2 18,3 25.722222,4 1.794816,5 19.532949,6 3011,7 2354,8 28.885476,9 n}
{0 259,1 0.545263,2 23,3 20.652174,4 1.791579,5 17.271396,6 3025,7 2378,8 34.305465,9 n}
{0 250,1 0.519751,2 18,3 26.722222,4 1.810811,5 19.088057,6 3096,7 2475,8 26.51735,9 n}
{0 257,1 0.536534,2 20,3 23.95,4 1.912317,5 20.185428,6 3173,7 2541,8 20.743704,9 n}
{0 261,1 0.531568,2 21,3 23.380952,4 1.771894,5 17.417554,6 3024,7 2445,8 33.201093,9 n}
{0 284,1 0.596639,2 21,3 22.666667,4 1.796218,5 17.301961,6 3033,7 2468,8 31.868249,9 n}
{0 232,1 0.491525,2 19,3 24.842105,4 1.677966,5 16.801249,6 2869,7 2288,8 39.664331,9 n}
{0 298,1 0.593625,2 30,3 16.733333,4 1.517928,5 10.916441,6 3128,7 2199,8 61.433934,9 nn}
{0 277,1 0.552894,2 24,3 20.875,4 1.638723,5 14.976747,6 3218,7 2351,8 47.010947,9 nn}
{0 293,1 0.597959,2 26,3 18.846154,4 1.589796,5 13.33438,6 3109,7 2207,8 53.209419,9 nn}
{0 291,1 0.589069,2 28,3 17.642857,4 1.692308,5 14.911394,6 3239,7 2357,8 45.758269,9 nn}
{0 260,1 0.545073,2 25,3 19.08,4 1.775681,5 16.269317,6 3110,7 2296,8 37.246158,9 nn}
{0 261,1 0.56129,2 29,3 16.034483,4 1.612903,5 12.435298,6 3001,7 2110,8 54.108387,9 nn}
{0 278,1 0.561616,2 27,3 18.333333,4 1.626263,5 13.79798,6 3121,7 2297,8 50.644848,9 nn}
{0 280,1 0.567951,2 25,3 19.72,4 1.701826,5 16.082726,6 3362,7 2376,8 42.844758,9 nn}
{0 273,1 0.565217,2 28,3 17.25,4 1.602484,5 13.442443,6 2951,7 2139,8 53.756064,9 nn}
{0 264,1 0.546584,2 21,3 23,4 1.741201,5 18.061284,6 3120,7 2307,8 36.18441,9 nn}
{0 291,1 0.570588,2 20,3 25.5,4 1.662745,5 16.866667,6 3230,7 2323,8 40.284265,9 nn}
{0 290,1 0.591837,2 21,3 23.333333,4 1.7,5 16.108844,6 3242,7 2247,8 39.331667,9 nn}
{0 243,1 0.490909,2 21,3 23.571429,4 1.608081,5 15.004329,6 2887,7 2135,8 46.866364,9 nn}
{0 280,1 0.55336,2 20,3 25.3,4 1.606719,5 15.574545,6 2909,7 2317,8 45.227042,9 p}
{0 277,1 0.557344,2 22,3 22.590909,4 1.537223,5 14.348235,6 2750,7 2168,8 53.856133,9 p}
{0 253,1 0.531513,2 30,3 15.866667,4 1.508403,5 10.464314,6 2672,7 2081,8 63.119409,9 p}
{0 281,1 0.577002,2 17,3 28.647059,4 1.542094,5 15.976277,6 2822,7 2229,8 47.297044,9 p}
{0 308,1 0.632444,2 18,3 27.055556,4 1.626283,5 17.393064,6 2879,7 2287,8 41.790038,9 p}
{0 286,1 0.588477,2 18,3 27,4 1.602881,5 16.149794,6 2798,7 2222,8 43.826296,9 p}
{0 281,1 0.568826,2 22,3 22.454545,4 1.552632,5 13.921089,6 2767,7 2128,8 52.691005,9 p}
{0 279,1 0.553571,2 28,3 18,4 1.543651,5 11.803175,6 2898,7 2265,8 57.972143,9 p}
{0 268,1 0.531746,2 33,3 15.272727,4 1.531746,5 10.31544,6 2849,7 2238,8 61.747468,9 p}
{0 242,1 0.484,2 29,3 17.241379,4 1.544,5 11.936552,6 2809,7 2206,8 58.7126,9 p}
{0 249,1 0.509202,2 27,3 18.111111,4 1.566462,5 12.561418,6 2820,7 2222,8 55.929523,9 p}
{0 274,1 0.551308,2 29,3 17.137931,4 1.545272,5 11.442698,6 2890,7 2272,8 58.71002,9 p}
{0 263,1 0.531313,2 28,3 17.678571,4 1.533333,5 11.758297,6 2883,7 2267,8 59.17125,9 p}
{0 283,1 0.590814,2 22,3 21.772727,4 1.709812,5 16.642285,6 2988,7 2349,8 40.085577,9 p}
{0 262,1 0.540206,2 22,3 22.045455,4 1.620619,5 15.168697,6 2873,7 2239,8 47.354534,9 p}
{0 292,1 0.593496,2 21,3 23.428571,4 1.747967,5 17.420209,6 3078,7 2456,8 35.176951,9 p}
{0 276,1 0.559838,2 25,3 19.72,4 1.72211,5 15.271367,6 3008,7 2399,8 41.128733,9 p}
{0 284,1 0.586777,2 19,3 25.473684,4 1.834711,5 19.693606,6 3113,7 2535,8 25.762682,9 p}
{0 275,1 0.55,2 21,3 23.809524,4 1.734,5 17.84381,6 3054,7 2452,8 35.971933,9 p}
{0 275,1 0.561224,2 20,3 24.5,4 1.606122,5 16.24898,6 2851,7 2255,8 46.089541,9 p}
{0 239,1 0.476096,2 24,3 20.916667,4 1.796813,5 17.290969,6 3128,7 2521,8 33.594225,9 pp}
{0 271,1 0.555328,2 25,3 19.52,4 1.901639,5 17.726033,6 3155,7 2591,8 26.143511,9 pp}
{0 280,1 0.572597,2 26,3 18.807692,4 1.91002,5 17.993425,6 3287,7 2681,8 26.157462,9 pp}
{0 254,1 0.511066,2 27,3 18.407407,4 1.869215,5 16.296565,6 3222,7 2652,8 30.015868,9 pp}
{0 279,1 0.560241,2 28,3 17.785714,4 1.742972,5 14.343201,6 3120,7 2524,8 41.327078,9 pp}
{0 262,1 0.521912,2 35,3 14.342857,4 1.721116,5 12.749095,6 3120,7 2528,8 46.670625,9 pp}
{0 251,1 0.524008,2 31,3 15.451613,4 1.964509,5 16.452044,6 3289,7 2722,8 24.954118,9 pp}
{0 239,1 0.480885,2 26,3 19.115385,4 1.877264,5 16.740721,6 3259,7 2692,8 28.616386,9 pp}
{0 266,1 0.520548,2 28,3 18.25,4 1.908023,5 15.910568,6 3370,7 2795,8 26.892463,9 pp}
{0 250,1 0.509165,2 27,3 18.185185,4 1.816701,5 16.316844,6 3152,7 2565,8 34.684165,9 pp}
{0 238,1 0.485714,2 32,3 15.3125,4 1.636735,5 12.084184,6 2922,7 2327,8 52.825057,9 pp}
{0 227,1 0.462322,2 26,3 18.884615,4 1.749491,5 15.293154,6 2961,7 2412,8 39.660191,9 pp}
{0 231,1 0.464789,2 32,3 15.53125,4 1.750503,5 14.180307,6 3027,7 2428,8 42.978226,9 pp}
{0 203,1 0.410101,2 24,3 20.625,4 1.755556,5 15.926768,6 2990,7 2436,8 37.380625,9 pp}
{0 245,1 0.50308,2 33,3 14.757576,4 1.7577,5 13.459498,6 3044,7 2460,8 43.154623,9 pp}
{0 245,1 0.495951,2 19,3 26,4 1.789474,5 19.549798,6 3002,7 2420,8 29.055526,9 pp}
{0 219,1 0.440644,2 20,3 24.85,4 1.702213,5 17.424909,6 2939,7 2379,8 37.605007,9 pp}
{0 259,1 0.539583,2 22,3 21.818182,4 1.827083,5 17.143939,6 3001,7 2452,8 30.118295,9 pp}
{0 261,1 0.54375,2 19,3 25.263158,4 1.8125,5 19.77193,6 3018,7 2430,8 27.855395,9 pp}
{0 277,1 0.574689,2 17,3 28.352941,4 1.983402,5 23.291384,6 3193,7 2624,8 10.260914,9 pp}
{0 245,1 0.505155,2 22,3 22.045455,4 1.76701,5 17.065604,6 2988,7 2414,8 34.969791,9 pp}
{0 256,1 0.515091,2 24,3 20.708333,4 1.732394,5 16.009691,6 3004,7 2410,8 39.255478,9 pp}
{0 230,1 0.465587,2 24,3 20.583333,4 1.659919,5 15.601754,6 2886,7 2302,8 45.513767,9 s}
{0 266,1 0.538462,2 23,3 21.478261,4 1.769231,5 16.68847,6 3020,7 2428,8 35.357642,9 s}
{0 256,1 0.514056,2 26,3 19.153846,4 1.546185,5 13.284028,6 2741,7 2149,8 56.586617,9 s}
{0 272,1 0.53125,2 27,3 18.962963,4 1.658203,5 15.00706,6 2934,7 2312,8 47.303608,9 s}
{0 244,1 0.484127,2 23,3 21.913043,4 1.748016,5 17.336646,6 2957,7 2360,8 36.711118,9 s}
{0 248,1 0.513458,2 19,3 25.421053,4 1.732919,5 18.864073,6 2868,7 2272,8 34.427663,9 s}
{0 245,1 0.483235,2 27,3 18.777778,4 1.7357,5 15.400657,6 2999,7 2409,8 40.935319,9 s}
{0 257,1 0.530992,2 30,3 16.133333,4 1.652893,5 12.81697,6 2854,7 2258,8 50.624956,9 s}
{0 247,1 0.493014,2 27,3 18.555556,4 1.856287,5 17.242582,6 3102,7 2530,8 30.959195,9 s}
{0 283,1 0.576375,2 24,3 20.458333,4 1.714868,5 15.433842,6 2920,7 2336,8 40.991991,9 s}
{0 262,1 0.527163,2 30,3 16.566667,4 1.841046,5 15.721234,6 3077,7 2468,8 34.267318,9 s}
{0 242,1 0.495902,2 23,3 21.217391,4 1.827869,5 17.667284,6 3036,7 2451,8 30.661643,9 s}
{0 250,1 0.501002,2 30,3 16.633333,4 1.633267,5 12.985999,6 2895,7 2301,8 51.777818,9 s}
{0 269,1 0.520309,2 26,3 19.884615,4 1.649903,5 14.684987,6 3038,7 2413,8 47.070297,9 s}
{0 260,1 0.555556,2 16,3 29.25,4 1.688034,5 19.563248,6 2806,7 2189,8 34.338558,9 vv}
{0 261,1 0.54375,2 13,3 36.923077,4 1.597917,5 21.102564,6 2784,7 2097,8 34.174327,9 vv}
{0 238,1 0.488706,2 18,3 27.055556,4 1.661191,5 17.721606,6 2917,7 2311,8 38.836855,9 vv}
{0 245,1 0.511482,2 17,3 28.176471,4 1.611691,5 16.698563,6 2875,7 2216,8 41.886822,9 vv}
{0 266,1 0.554167,2 16,3 30,4 1.741667,5 20.583333,6 2950,7 2308,8 29.04,9 vv}
{0 265,1 0.540816,2 16,3 30.625,4 1.673469,5 19.270408,6 2884,7 2281,8 34.175115,9 vv}
{0 264,1 0.545455,2 18,3 26.888889,4 1.72314,5 18.358861,6 2875,7 2295,8 33.765092,9 vv}
{0 275,1 0.545635,2 16,3 31.5,4 1.664683,5 19.901587,6 2999,7 2351,8 34.030357,9 vv}
{0 257,1 0.527721,2 14,3 34.785714,4 1.657084,5 20.731534,6 2869,7 2284,8 31.338178,9 vv}
{0 266,1 0.541752,2 18,3 27.277778,4 1.610998,5 16.532292,6 2830,7 2216,8 42.857628,9 vv}
{0 247,1 0.525532,2 17,3 27.647059,4 1.693617,5 18.888611,6 2783,7 2222,8 35.493235,9 vv}
{0 271,1 0.536634,2 15,3 33.666667,4 1.609901,5 19.407261,6 2979,7 2336,8 36.46571,9 vv}
{0 250,1 0.493097,2 19,3 26.684211,4 1.635108,5 16.82753,6 2993,7 2381,8 41.420349,9 vv}
{0 246,1 0.504098,2 23,3 21.217391,4 1.579918,5 13.732858,6 2815,7 2199,8 51.638282,9 vv}
{0 260,1 0.527383,2 17,3 29,4 1.969574,5 22.87789,6 3402,7 2718,8 10.774037,9 w}
{0 275,1 0.563525,2 12,3 40.666667,4 1.977459,5 27.33224,6 3371,7 2738,8 -1.734699,9 w}
{0 260,1 0.516899,2 28,3 17.964286,4 1.66004,5 14.183726,6 2986,7 2375,8 48.161886,9 w}
{0 248,1 0.50924,2 28,3 17.392857,4 1.718686,5 15.170695,6 2982,7 2402,8 43.780429,9 w}
{0 241,1 0.503132,2 20,3 23.95,4 1.822547,5 19.016326,6 3043,7 2457,8 28.338276,9 w}
{0 218,1 0.453222,2 19,3 25.315789,4 1.852391,5 18.941285,6 3116,7 2544,8 24.427208,9 w}
{0 220,1 0.449898,2 26,3 18.807692,4 1.871166,5 17.175429,6 3192,7 2598,8 29.444579,9 w}
{0 251,1 0.50503,2 21,3 23.666667,4 1.794769,5 18.561234,6 3114,7 2528,8 30.975909,9 w}
{0 241,1 0.502083,2 19,3 25.263158,4 1.802083,5 19.355263,6 2968,7 2386,8 28.736645,9 w}
{0 261,1 0.529412,2 18,3 27.388889,4 1.713996,5 17.852107,6 2876,7 2273,8 34.031221,9 w}
{0 264,1 0.547718,2 17,3 28.352941,4 1.688797,5 18.146156,6 2860,7 2259,8 35.184566,9 w}
{0 239,1 0.498956,2 18,3 26.611111,4 1.659708,5 17.325029,6 2932,7 2293,8 39.413449,9 w}
{0 226,1 0.471816,2 13,3 36.846154,4 1.665971,5 20.834495,6 2825,7 2250,8 28.495026,9 w}
{0 223,1 0.468487,2 14,3 34,4 1.621849,5 19.566387,6 2784,7 2206,8 35.116597,9 w}

Calculating InfoGain on the training set's features
===================================================
Features InfoGain score (non-zero only):
----------------------------------------
> Complexity{-}                      0.386839
> Flesch-Reading-Ease-Score{-}       0.313571
> Character-Space{-}                 0.298321

Feature-type breakdown:
-----------------------
> Letter-Space                    0.000000 (0.00%)
> Sentence-Count                  0.000000 (0.00%)
> Unique-Words-Count              0.000000 (0.00%)
> Average-Syllables-in-Word       0.000000 (0.00%)
> Complexity                      0.386839 (38.73%)
> Gunning-Fog-Readability-Index   0.000000 (0.00%)
> Average-Sentence-Length         0.000000 (0.00%)
> Flesch-Reading-Ease-Score       0.313571 (31.40%)
> Character-Space                 0.298321 (29.87%)

done!

2013-03-22, 16:26:39 Starting 10-folds cross-validation on training corpus phase...

================================================================================

Running analysis with classifier 1 out of 1:
> Classifier: weka.classifiers.functions.SMO
> Options:    -C 1.0 -L 0.0010 -P 1.0E-12 -N 0 -V -1 -W 1 -K weka.classifiers.functions.supportVector.PolyKernel -C 250007 -E 1.0 

2013-03-22, 16:26:39 Starting cross validation...
2013-03-22, 16:27:16 done!

=== Summary ===

Correctly Classified Instances          96               30.7692 %
Incorrectly Classified Instances       216               69.2308 %
Kappa statistic                          0.2648
Mean absolute error                      0.0918
Root mean squared error                  0.2126
Relative absolute error                 96.7941 %
Root relative squared error             97.6233 %
Total Number of Instances              312     

=== Detailed Accuracy By Class ===

               TP Rate   FP Rate   Precision   Recall  F-Measure   ROC Area  Class
                 0.176     0.007      0.6       0.176     0.273      0.843    b
                 0.556     0.119      0.222     0.556     0.317      0.811    c
                 0.833     0.095      0.349     0.833     0.492      0.942    cc
                 0.429     0.013      0.6       0.429     0.5        0.96     dd
                 0.25      0.044      0.235     0.25      0.242      0.847    e
                 0.286     0.034      0.286     0.286     0.286      0.818    ff
                 0         0.044      0         0         0          0.808    gg
                 0.6       0.068      0.375     0.6       0.462      0.864    hh
                 0         0          0         0         0          0.641    ii
                 0         0          0         0         0          0.723    j
                 0.214     0.017      0.375     0.214     0.273      0.895    l
                 0.071     0.01       0.25      0.071     0.111      0.77     m
                 0         0          0         0         0          0.577    mm
                 0         0          0         0         0          0.632    n
                 0.154     0.007      0.5       0.154     0.235      0.911    nn
                 0.7       0.134      0.264     0.7       0.384      0.878    p
                 0.636     0.124      0.28      0.636     0.389      0.832    pp
                 0         0          0         0         0          0.764    s
                 0.571     0.02       0.571     0.571     0.571      0.94     vv
                 0         0          0         0         0          0.629    w
Weighted Avg.    0.308     0.043      0.253     0.308     0.244      0.81 

=== Confusion Matrix ===

  a  b  c  d  e  f  g  h  i  j  k  l  m  n  o  p  q  r  s  t   <-- classified as
  3  2  1  1  0  0  0  0  0  0  0  0  0  0  1  2  7  0  0  0 |  a = b
  0 10  2  0  1  1  0  2  0  0  0  0  0  0  0  0  2  0  0  0 |  b = c
  0  0 15  0  1  1  0  0  0  0  1  0  0  0  0  0  0  0  0  0 |  c = cc
  0  0  0  6  0  0  1  1  0  0  0  0  0  0  1  5  0  0  0  0 |  d = dd
  0  6  0  0  4  0  4  0  0  0  0  1  0  0  0  0  1  0  0  0 |  e = e
  0  1  2  0  0  4  0  0  0  0  0  0  0  0  0  4  1  0  2  0 |  f = ff
  0  1  1  0  5  0  0  4  0  0  0  0  0  0  0  3  0  0  0  0 |  g = gg
  0  4  0  0  0  0  1 12  0  0  0  0  0  0  0  0  3  0  0  0 |  h = hh
  0  0  2  0  2  0  0  3  0  0  0  0  0  0  0  6  1  0  0  0 |  i = ii
  0  4  2  0  3  0  1  0  0  0  0  0  0  0  0  0  4  0  1  0 |  j = j
  0  0  5  0  0  0  0  0  0  0  3  0  0  0  0  6  0  0  0  0 |  k = l
  0  1  4  0  0  2  0  0  0  0  0  1  0  0  0  0  6  0  0  0 |  l = m
  0  4  0  0  0  0  1  3  0  0  1  0  0  0  0  2  3  0  0  0 |  m = mm
  1  1  3  0  0  3  1  0  0  0  1  1  0  0  0  0  2  0  0  0 |  n = n
  1  0  0  3  0  1  0  1  0  0  0  0  0  0  2  5  0  0  0  0 |  o = nn
  0  0  1  0  0  1  0  2  0  0  2  0  0  0  0 14  0  0  0  0 |  p = p
  0  5  2  0  0  0  0  1  0  0  0  0  0  0  0  0 14  0  0  0 |  q = pp
  0  2  0  0  0  0  0  2  0  0  0  0  0  0  0  5  4  0  1  0 |  r = s
  0  0  2  0  0  1  2  1  0  0  0  0  0  0  0  0  0  0  8  0 |  s = vv
  0  4  1  0  1  0  2  0  0  0  0  1  0  0  0  1  2  0  2  0 |  t = w

