============================ JStylo Analysis Output ============================
Started analysis on 2013-03-22, 16:33:18
Running 10-folds cross validation on training corpus

Training corpus:
> c (18 documents)
> cc (18 documents)
> d (13 documents)
> dd (14 documents)
> f (17 documents)
> g (16 documents)
> gg (14 documents)
> h (18 documents)
> i (14 documents)
> j (15 documents)
> k (19 documents)
> kk (17 documents)
> m (14 documents)
> n (13 documents)
> pp (22 documents)
> q (15 documents)
> qq (23 documents)
> rr (14 documents)
> s (14 documents)
> t (13 documents)
> tt (16 documents)
> u (15 documents)
> vv (14 documents)
> ww (15 documents)
> y (13 documents)

Feature set: 9 feature-set:
> Unique Words Count
> Complexity
> Sentence Count
> Average Sentence Length
> Average Syllables in Word
> Gunning-Fog Readability Index
> Character Space
> Letter Space
> Flesch Reading Ease Score

Classifiers used:
> weka.classifiers.functions.SMO                    	-C 1.0 -L 0.0010 -P 1.0E-12 -N 0 -V -1 -W 1 -K weka.classifiers.functions.supportVector.PolyKernel -C 250007 -E 1.0 

================================================================================

2013-03-22, 16:33:18 Extracting features from training corpus (using sparse representation)...
2013-03-22, 16:33:25 done!

Training corpus features (ARFF):
================================
@relation JStylo

@attribute 'Unique-Words-Count{-}' numeric
@attribute 'Complexity{-}' numeric
@attribute 'Sentence-Count{-}' numeric
@attribute 'Average-Sentence-Length{-}' numeric
@attribute 'Average-Syllables-in-Word{-}' numeric
@attribute 'Gunning-Fog-Readability-Index{-}' numeric
@attribute 'Character-Space{-}' numeric
@attribute 'Letter-Space{-}' numeric
@attribute 'Flesch-Reading-Ease-Score{-}' numeric
@attribute authorName {c,cc,d,dd,f,g,gg,h,i,j,k,kk,m,n,pp,q,qq,rr,s,t,tt,u,vv,ww,y}

@data
{0 216,1 0.432866,2 26,3 19.192308,4 2.062124,5 21.704979,6 3362,7 2784,8 12.899096}
{0 212,1 0.43002,2 23,3 21.434783,4 1.884381,5 17.661134,6 3167,7 2605,8 25.660034}
{0 229,1 0.452569,2 24,3 21.083333,4 1.727273,5 16.496574,6 3072,7 2499,8 39.308144}
{0 232,1 0.467742,2 20,3 24.8,4 1.800403,5 18.468387,6 3116,7 2540,8 29.348887}
{0 226,1 0.445759,2 22,3 23.045455,4 1.74359,5 16.949937,6 3084,7 2510,8 35.936171}
{0 217,1 0.449275,2 20,3 24.15,4 1.89648,5 19.266625,6 3144,7 2585,8 21.880514}
{0 196,1 0.406639,2 24,3 20.083333,4 1.887967,5 17.825864,6 3108,7 2569,8 26.728425}
{0 238,1 0.473161,2 22,3 22.863636,4 1.856859,5 19.165335,6 3187,7 2625,8 26.538151}
{0 212,1 0.446316,2 22,3 21.590909,4 1.941053,5 17.478469,6 3135,7 2591,8 20.707175}
{0 231,1 0.474333,2 25,3 19.48,4 1.850103,5 17.812534,6 3114,7 2565,8 30.544114}
{0 218,1 0.438632,2 28,3 17.75,4 1.573441,5 13.2167,6 2684,7 2109,8 55.705672}
{0 260,1 0.507813,2 21,3 24.380952,4 1.693359,5 16.393006,6 2932,7 2359,8 38.83013}
{0 241,1 0.490835,2 19,3 25.842105,4 1.741344,5 17.180019,6 2929,7 2384,8 33.287544}
{0 259,1 0.504873,2 19,3 27,4 1.842105,5 18.831189,6 3190,7 2610,8 23.587895}
{0 223,1 0.433852,2 25,3 20.56,4 1.706226,5 14.527502,6 3036,7 2461,8 41.619907}
{0 249,1 0.510246,2 27,3 18.074074,4 1.75,5 14.85258,6 2901,7 2351,8 40.439815}
{0 242,1 0.477318,2 21,3 24.142857,4 1.607495,5 14.627557,6 2848,7 2271,8 46.335917}
{0 257,1 0.505906,2 18,3 28.222222,4 1.753937,5 18.769204,6 3085,7 2519,8 29.806374}
{0 260,1 0.536082,2 14,3 34.642857,4 1.701031,5 20.455081,6 2940,7 2344,8 27.765284,9 cc}
{0 271,1 0.550813,2 14,3 35.142857,4 1.745935,5 21.455517,6 3051,7 2440,8 23.458902,9 cc}
{0 265,1 0.528942,2 19,3 26.368421,4 1.778443,5 18.930602,6 3063,7 2468,8 29.614765,9 cc}
{0 276,1 0.541176,2 19,3 26.842105,4 1.684314,5 17.874097,6 3070,7 2464,8 37.097322,9 cc}
{0 271,1 0.548583,2 16,3 30.875,4 1.728745,5 20.690081,6 2972,7 2361,8 29.245053,9 cc}
{0 248,1 0.506122,2 15,3 32.666667,4 1.804082,5 22.454422,6 3004,7 2418,8 21.053027,9 cc}
{0 302,1 0.618852,2 19,3 25.684211,4 1.883197,5 19.617947,6 3130,7 2542,8 21.447084,9 cc}
{0 274,1 0.540434,2 19,3 26.684211,4 1.830375,5 19.352185,6 3158,7 2528,8 24.900822,9 cc}
{0 284,1 0.589212,2 14,3 34.428571,4 1.759336,5 21.904209,6 2978,7 2356,8 23.050166,9 cc}
{0 279,1 0.559118,2 15,3 33.266667,4 1.805611,5 23.086226,6 3098,7 2476,8 20.314624,9 cc}
{0 270,1 0.54878,2 16,3 30.75,4 1.739837,5 19.535772,6 2981,7 2375,8 28.433506,9 cc}
{0 280,1 0.56,2 16,3 31.25,4 1.862,5 22.42,6 3127,7 2523,8 17.59105,9 cc}
{0 280,1 0.543689,2 18,3 28.611111,4 1.751456,5 19.444444,6 3105,7 2515,8 29.621518,9 cc}
{0 256,1 0.515091,2 20,3 24.85,4 1.742455,5 18.149256,6 2952,7 2379,8 34.20058,9 cc}
{0 274,1 0.558045,2 19,3 25.842105,4 1.788187,5 19.298146,6 3020,7 2446,8 29.324611,9 cc}
{0 259,1 0.526423,2 13,3 37.846154,4 1.723577,5 22.94334,6 2988,7 2401,8 22.60652,9 cc}
{0 240,1 0.494845,2 15,3 32.333333,4 1.754639,5 20.685911,6 2947,7 2393,8 25.574192,9 cc}
{0 256,1 0.52459,2 19,3 25.684211,4 1.811475,5 19.781881,6 3064,7 2473,8 27.514707,9 cc}
{0 259,1 0.525355,2 20,3 24.65,4 1.827586,5 19.75858,6 3295,7 2469,8 27.201457,9 d}
{0 231,1 0.472393,2 24,3 20.375,4 1.766871,5 16.657157,6 3219,7 2379,8 36.677074,9 d}
{0 247,1 0.496982,2 22,3 22.590909,4 1.788732,5 18.694311,6 3265,7 2456,8 32.578467,9 d}
{0 286,1 0.594595,2 25,3 19.24,4 1.825364,5 17.84153,6 3378,7 2449,8 32.88062,9 d}
{0 279,1 0.563636,2 18,3 27.5,4 1.737374,5 19.242424,6 3300,7 2416,8 31.940682,9 d}
{0 278,1 0.567347,2 24,3 20.416667,4 1.810204,5 17.472789,6 3213,7 2417,8 32.968818,9 d}
{0 262,1 0.535787,2 15,3 32.6,4 1.574642,5 19.01137,6 2969,7 2175,8 40.531276,9 d}
{0 247,1 0.497984,2 18,3 27.555556,4 1.739919,5 19.086738,6 3203,7 2440,8 31.668934,9 d}
{0 273,1 0.558282,2 23,3 21.26087,4 1.707566,5 15.293714,6 3177,7 2278,8 40.795095,9 d}
{0 281,1 0.55315,2 17,3 29.882353,4 1.807087,5 20.535618,6 3481,7 2520,8 23.624884,9 d}
{0 275,1 0.541339,2 18,3 28.222222,4 1.777559,5 20.422747,6 3324,7 2491,8 27.807948,9 d}
{0 282,1 0.549708,2 22,3 23.318182,4 1.890838,5 19.229807,6 3495,7 2656,8 23.202133,9 d}
{0 272,1 0.530214,2 21,3 24.428571,4 1.826511,5 19.59599,6 3482,7 2594,8 27.517193,9 d}
{0 254,1 0.533613,2 20,3 23.8,4 1.670168,5 15.738487,6 3018,7 2171,8 41.381782,9 dd}
{0 266,1 0.530938,2 20,3 25.05,4 1.562874,5 14.890259,6 3125,7 2260,8 49.190088,9 dd}
{0 259,1 0.560606,2 17,3 27.176471,4 1.601732,5 16.325134,6 3075,7 2145,8 43.744389,9 dd}
{0 288,1 0.586558,2 21,3 23.380952,4 1.696538,5 16.358491,6 3281,7 2382,8 39.576246,9 dd}
{0 284,1 0.566866,2 19,3 26.368421,4 1.58483,5 16.934594,6 3021,7 2205,8 45.994406,9 dd}
{0 235,1 0.47,2 19,3 26.315789,4 1.404,5 14.286316,6 2841,7 2054,8 61.346074,9 dd}
{0 272,1 0.546185,2 19,3 26.210526,4 1.550201,5 15.865737,6 2982,7 2197,8 49.084328,9 dd}
{0 287,1 0.601677,2 20,3 23.85,4 1.675052,5 15.997023,6 3090,7 2240,8 40.917816,9 dd}
{0 223,1 0.44246,2 14,3 36,4 1.460317,5 18.209524,6 3119,7 2062,8 46.752143,9 dd}
{0 273,1 0.552632,2 20,3 24.7,4 1.657895,5 16.519676,6 3329,7 2343,8 41.506605,9 dd}
{0 275,1 0.542406,2 25,3 20.28,4 1.60355,5 14.344742,6 3136,7 2295,8 50.590445,9 dd}
{0 294,1 0.611227,2 21,3 22.904762,4 1.669439,5 16.646312,6 3238,7 2262,8 42.352155,9 dd}
{0 284,1 0.570281,2 21,3 23.714286,4 1.598394,5 15.509811,6 3241,7 2305,8 47.540904,9 dd}
{0 288,1 0.593814,2 21,3 23.095238,4 1.616495,5 15.671085,6 3161,7 2180,8 46.637869,9 dd}
{0 251,1 0.499006,2 20,3 25.15,4 1.727634,5 18.091809,6 3086,7 2453,8 35.149897,9 f}
{0 235,1 0.490605,2 18,3 26.611111,4 1.789144,5 19.245697,6 3007,7 2418,8 28.463136,9 f}
{0 268,1 0.558333,2 16,3 30,4 1.833333,5 22.666667,6 3080,7 2476,8 21.285,9 f}
{0 244,1 0.514768,2 15,3 31.6,4 1.85654,5 23.3573,6 3051,7 2455,8 17.697709,9 f}
{0 271,1 0.574153,2 14,3 33.714286,4 1.830508,5 23.994189,6 3027,7 2415,8 17.753983,9 f}
{0 255,1 0.519348,2 11,3 44.636364,4 1.747454,5 27.549046,6 2951,7 2361,8 13.694468,9 f}
{0 270,1 0.563674,2 16,3 29.9375,4 1.77453,5 20.65976,6 3015,7 2373,8 26.323177,9 f}
{0 266,1 0.525692,2 18,3 28.111111,4 1.652174,5 18.121915,6 2981,7 2358,8 38.528309,9 f}
{0 271,1 0.572939,2 13,3 36.384615,4 1.868922,5 25.293804,6 3127,7 2501,8 11.793833,9 f}
{0 278,1 0.556,2 17,3 29.411765,4 1.754,5 20.324706,6 3071,7 2483,8 28.593659,9 f}
{0 263,1 0.530242,2 14,3 35.428571,4 1.752016,5 22.558525,6 3041,7 2381,8 22.654435,9 f}
{0 278,1 0.549407,2 10,3 50.6,4 1.695652,5 28.145138,6 3146,7 2484,8 12.023826,9 f}
{0 271,1 0.535573,2 17,3 29.764706,4 1.814229,5 22.340665,6 3213,7 2589,8 23.140029,9 f}
{0 270,1 0.541082,2 16,3 31.1875,4 1.699399,5 20.170391,6 3055,7 2449,8 31.410549,9 f}
{0 252,1 0.514286,2 16,3 30.625,4 1.773469,5 21.964286,6 3073,7 2468,8 25.715115,9 f}
{0 254,1 0.50297,2 17,3 29.705882,4 1.829703,5 21.545719,6 3160,7 2536,8 21.890658,9 f}
{0 273,1 0.523992,2 14,3 37.214286,4 1.715931,5 23.02391,6 3153,7 2528,8 23.894746,9 f}
{0 234,1 0.488518,2 20,3 23.95,4 1.676409,5 15.258497,6 2944,7 2208,8 40.701533,9 g}
{0 261,1 0.538144,2 18,3 26.944444,4 1.54433,5 15.31386,6 2957,7 2132,8 48.83608,9 g}
{0 244,1 0.48996,2 15,3 33.2,4 1.60241,5 18.982811,6 3018,7 2271,8 37.573145,9 g}
{0 245,1 0.49,2 46,3 10.869565,4 1.526,5 9.787826,6 2892,7 2006,8 66.702791,9 g}
{0 235,1 0.5,2 43,3 10.930233,4 1.634043,5 11.606136,6 2832,7 2038,8 57.500814,9 g}
{0 219,1 0.438,2 17,3 29.411765,4 1.65,5 18.404706,6 2890,7 2311,8 37.392059,9 g}
{0 231,1 0.478261,2 22,3 21.954545,4 1.68323,5 16.31805,6 2833,7 2219,8 42.149894,9 g}
{0 224,1 0.452525,2 27,3 18.333333,4 1.587879,5 12.424242,6 2845,7 2236,8 53.892121,9 g}
{0 243,1 0.476471,2 19,3 26.842105,4 1.684314,5 19.128999,6 3080,7 2480,8 37.097322,9 g}
{0 260,1 0.516899,2 20,3 25.15,4 1.73161,5 18.807515,6 3023,7 2435,8 34.813515,9 g}
{0 257,1 0.520243,2 36,3 13.722222,4 1.532389,5 10.266217,6 2812,7 2245,8 63.266863,9 g}
{0 267,1 0.530815,2 37,3 13.594595,4 1.467197,5 9.493504,6 2749,7 2158,8 68.911636,9 g}
{0 253,1 0.517382,2 39,3 12.538462,4 1.443763,5 8.532767,6 2633,7 2072,8 71.96613,9 g}
{0 251,1 0.499006,2 32,3 15.71875,4 1.379722,5 8.673186,6 2643,7 2075,8 74.156015,9 g}
{0 237,1 0.477823,2 35,3 14.171429,4 1.461694,5 9.539539,6 2701,7 2124,8 68.791726,9 g}
{0 224,1 0.475584,2 18,3 26.166667,4 1.619958,5 15.222505,6 2702,7 2158,8 43.227426,9 g}
{0 283,1 0.557087,2 17,3 29.882353,4 1.624016,5 18.252154,6 2998,7 2370,8 39.112679,9 gg}
{0 293,1 0.567829,2 13,3 39.692308,4 1.655039,5 22.311032,6 3130,7 2450,8 26.531029,9 gg}
{0 253,1 0.498031,2 23,3 22.086957,4 1.511811,5 13.401712,6 2837,7 2172,8 56.517527,9 gg}
{0 242,1 0.49187,2 17,3 28.941176,4 1.739837,5 19.869154,6 2973,7 2384,8 30.269462,9 gg}
{0 198,1 0.404908,2 17,3 28.764706,4 1.785276,5 20.258439,6 2914,7 2371,8 26.604468,9 gg}
{0 201,1 0.411885,2 17,3 28.705882,4 1.807377,5 21.482353,6 2979,7 2423,8 24.794431,9 gg}
{0 195,1 0.409664,2 18,3 26.444444,4 1.77521,5 19.149206,6 2793,7 2263,8 29.811116,9 gg}
{0 211,1 0.426263,2 23,3 21.521739,4 1.876768,5 19.275362,6 3022,7 2479,8 26.215889,9 gg}
{0 233,1 0.460474,2 21,3 24.095238,4 1.561265,5 14.381178,6 2847,7 2260,8 50.295329,9 gg}
{0 267,1 0.531873,2 21,3 23.904762,4 1.412351,5 12.749156,6 2727,7 2138,8 63.086806,9 gg}
{0 262,1 0.543568,2 21,3 22.952381,4 1.537344,5 13.911243,6 2742,7 2166,8 53.478997,9 gg}
{0 207,1 0.413174,2 18,3 27.833333,4 1.62475,5 17.360878,6 2872,7 2298,8 41.130274,9 gg}
{0 241,1 0.483936,2 25,3 19.92,4 1.604418,5 13.59049,6 2877,7 2270,8 50.882465,9 gg}
{0 218,1 0.449485,2 23,3 21.086957,4 1.531959,5 12.805917,6 2693,7 2116,8 55.828028,9 gg}
{0 254,1 0.513131,2 24,3 20.625,4 1.840404,5 16.977273,6 3169,7 2572,8 30.202443,9 h}
{0 264,1 0.532258,2 21,3 23.619048,4 1.97379,5 21.302458,6 3352,7 2761,8 15.879005,9 h}
{0 217,1 0.460722,2 27,3 17.444444,4 1.963907,5 18.782449,6 3039,7 2456,8 22.982392,9 h}
{0 240,1 0.48583,2 20,3 24.7,4 1.917004,5 20.244372,6 3193,7 2591,8 19.585957,9 h}
{0 222,1 0.439604,2 20,3 25.25,4 1.809901,5 18.020792,6 3086,7 2507,8 28.088626,9 h}
{0 253,1 0.515275,2 19,3 25.842105,4 1.863544,5 20.438675,6 3125,7 2548,8 22.949459,9 h}
{0 225,1 0.453629,2 19,3 26.105263,4 1.762097,5 18.506621,6 2984,7 2404,8 31.264771,9 h}
{0 259,1 0.524291,2 23,3 21.478261,4 1.923077,5 19.198592,6 3199,7 2615,8 22.342258,9 h}
{0 256,1 0.510978,2 22,3 22.772727,4 1.912176,5 19.727853,6 3223,7 2562,8 21.950622,9 h}
{0 248,1 0.505092,2 25,3 19.64,4 2.081466,5 21.460888,6 3390,7 2749,8 10.808343,9 h}
{0 259,1 0.519038,2 19,3 26.263158,4 1.861723,5 20.284822,6 3249,7 2642,8 22.676091,9 h}
{0 251,1 0.510163,2 24,3 20.5,4 1.737805,5 15.110569,6 3032,7 2355,8 39.009207,9 h}
{0 263,1 0.516699,2 22,3 23.136364,4 1.80943,5 18.52763,6 3258,7 2606,8 30.273791,9 h}
{0 244,1 0.495935,2 20,3 24.6,4 1.825203,5 19.84,6 3054,7 2469,8 27.453805,9 h}
{0 235,1 0.47,2 23,3 21.73913,4 1.796,5 17.815652,6 3046,7 2470,8 32.828183,9 h}
{0 249,1 0.492095,2 19,3 26.631579,4 1.824111,5 19.269232,6 3200,7 2584,8 25.484185,9 h}
{0 246,1 0.495968,2 27,3 18.37037,4 1.895161,5 17.348148,6 3258,7 2653,8 27.858429,9 h}
{0 261,1 0.509766,2 23,3 22.26087,4 1.8125,5 17.732473,6 3251,7 2645,8 30.902717,9 h}
{0 250,1 0.512295,2 20,3 24.4,4 1.739754,5 18.530492,6 2931,7 2337,8 34.885803,9 i}
{0 255,1 0.519348,2 23,3 21.347826,4 1.828921,5 18.396564,6 3044,7 2452,8 30.440276,9 i}
{0 243,1 0.484064,2 22,3 22.818182,4 1.74502,5 17.73285,6 3027,7 2385,8 36.04586,9 i}
{0 231,1 0.464789,2 25,3 19.88,4 1.798793,5 17.368499,6 2995,7 2396,8 34.478933,9 i}
{0 239,1 0.470472,2 24,3 21.166667,4 1.663386,5 15.553281,6 2930,7 2329,8 44.628392,9 i}
{0 230,1 0.468432,2 29,3 16.931034,4 1.588595,5 12.800927,6 2684,7 2117,8 55.254888,9 i}
{0 243,1 0.489919,2 27,3 18.37037,4 1.574597,5 12.993309,6 2755,7 2176,8 54.978187,9 i}
{0 220,1 0.443548,2 30,3 16.533333,4 1.596774,5 13.145591,6 2718,7 2139,8 54.96657,9 i}
{0 254,1 0.522634,2 20,3 24.3,4 1.915638,5 19.761152,6 3215,7 2571,8 20.107537,9 i}
{0 219,1 0.451546,2 20,3 24.25,4 1.936082,5 21.081443,6 3262,7 2653,8 18.428673,9 i}
{0 223,1 0.465553,2 19,3 25.210526,4 2.154489,5 22.359785,6 3567,7 2874,8 -1.023413,9 i}
{0 244,1 0.487026,2 21,3 23.857143,4 1.976048,5 21.119703,6 3280,7 2675,8 15.446347,9 i}
{0 228,1 0.463415,2 21,3 23.428571,4 1.762195,5 16.932404,6 2858,7 2285,8 33.973293,9 i}
{0 206,1 0.41785,2 25,3 19.72,4 1.821501,5 16.082726,6 2964,7 2367,8 32.720214,9 i}
{0 206,1 0.406312,2 16,3 31.6875,4 1.666667,5 19.696696,6 2840,7 2233,8 33.672188,9 j}
{0 237,1 0.478788,2 17,3 29.117647,4 1.747475,5 19.16221,6 3035,7 2440,8 29.444225,9 j}
{0 223,1 0.44511,2 22,3 22.772727,4 1.790419,5 18.051207,6 2997,7 2415,8 32.251221,9 j}
{0 252,1 0.515337,2 16,3 30.5625,4 1.748466,5 21.386554,6 2970,7 2380,8 27.893817,9 j}
{0 247,1 0.505112,2 18,3 27.166667,4 1.693252,5 17.492434,6 2892,7 2274,8 36.011754,9 j}
{0 253,1 0.517382,2 20,3 24.45,4 1.879346,5 20.659346,6 3117,7 2544,8 23.025612,9 j}
{0 207,1 0.417339,2 19,3 26.105263,4 1.814516,5 19.555008,6 3024,7 2441,8 26.830093,9 j}
{0 215,1 0.446058,2 20,3 24.1,4 1.956432,5 20.84332,6 3065,7 2441,8 16.859392,9 j}
{0 236,1 0.476768,2 21,3 23.571429,4 1.761616,5 17.832612,6 3015,7 2426,8 33.877273,9 j}
{0 260,1 0.521042,2 26,3 19.192308,4 1.779559,5 16.013596,6 3008,7 2385,8 36.804106,9 j}
{0 255,1 0.49323,2 24,3 21.541667,4 1.787234,5 18.133108,6 3177,7 2561,8 33.770208,9 j}
{0 228,1 0.454183,2 22,3 22.818182,4 1.820717,5 18.848388,6 3061,7 2438,8 29.641876,9 j}
{0 220,1 0.458333,2 21,3 22.857143,4 1.914583,5 19.47619,6 3013,7 2432,8 21.66125,9 j}
{0 265,1 0.548654,2 27,3 17.888889,4 1.855072,5 16.844997,6 3066,7 2507,8 31.738647,9 j}
{0 263,1 0.526,2 24,3 20.833333,4 1.8,5 17.053333,6 3108,7 2507,8 33.409167,9 j}
{0 254,1 0.522634,2 25,3 19.44,4 1.504115,5 11.562008,6 2627,7 2034,8 59.855252,9 k}
{0 257,1 0.525562,2 28,3 17.464286,4 1.550102,5 11.566491,6 2775,7 2201,8 57.9701,9 k}
{0 253,1 0.512146,2 28,3 17.642857,4 1.540486,5 11.510584,6 2783,7 2223,8 58.602399,9 k}
{0 253,1 0.524896,2 28,3 17.214286,4 1.489627,5 10.039241,6 2573,7 2007,8 63.340093,9 k}
{0 263,1 0.538934,2 33,3 14.787879,4 1.465164,5 10.177447,6 2609,7 2016,8 67.872434,9 k}
{0 277,1 0.558468,2 29,3 17.103448,4 1.467742,5 10.551057,6 2607,7 2020,8 65.304032,9 k}
{0 247,1 0.504082,2 33,3 14.848485,4 1.477551,5 10.265925,6 2609,7 2024,8 66.762972,9 k}
{0 244,1 0.525862,2 31,3 14.967742,4 1.480603,5 9.7802,6 2468,7 1920,8 66.38369,9 k}
{0 237,1 0.5,2 32,3 14.8125,4 1.504219,5 10.481962,6 2513,7 1938,8 64.54335,9 k}
{0 265,1 0.546392,2 26,3 18.653846,4 1.645361,5 14.059477,6 2860,7 2282,8 48.70382,9 k}
{0 243,1 0.481188,2 28,3 18.035714,4 1.520792,5 11.491513,6 2796,7 2200,8 59.86974,9 k}
{0 257,1 0.519192,2 30,3 16.5,4 1.664646,5 14.6,6 2897,7 2310,8 49.258409,9 k}
{0 257,1 0.528807,2 24,3 20.25,4 1.773663,5 17.235802,6 2900,7 2323,8 36.229398,9 k}
{0 280,1 0.564516,2 34,3 14.588235,4 1.758065,5 13.174004,6 2936,7 2357,8 43.295683,9 k}
{0 273,1 0.549296,2 28,3 17.75,4 1.692153,5 14.021529,6 2945,7 2375,8 45.662613,9 k}
{0 258,1 0.552463,2 22,3 21.227273,4 1.599572,5 13.630095,6 2612,7 2057,8 49.965549,9 k}
{0 240,1 0.508475,2 20,3 23.6,4 1.525424,5 14.948475,6 2664,7 2077,8 53.830153,9 k}
{0 271,1 0.549696,2 18,3 27.388889,4 1.604462,5 17.121884,6 2838,7 2256,8 43.297752,9 k}
{0 258,1 0.531959,2 16,3 30.3125,4 1.571134,5 16.661082,6 2730,7 2112,8 43.149874,9 k}
{0 260,1 0.516899,2 18,3 27.944444,4 1.510934,5 15.869627,6 2829,7 2222,8 50.646339,9 kk}
{0 275,1 0.562372,2 25,3 19.56,4 1.627812,5 13.79537,6 2842,7 2251,8 49.268717,9 kk}
{0 243,1 0.503106,2 25,3 19.32,4 1.575569,5 13.607917,6 2805,7 2207,8 53.932032,9 kk}
{0 243,1 0.507307,2 29,3 16.517241,4 1.597077,5 12.953452,6 2774,7 2181,8 54.957265,9 kk}
{0 258,1 0.52439,2 20,3 24.6,4 1.646341,5 17.726179,6 2892,7 2289,8 42.585512,9 kk}
{0 245,1 0.5,2 30,3 16.333333,4 1.55102,5 10.451701,6 2775,7 2163,8 59.04034,9 kk}
{0 270,1 0.560166,2 30,3 16.066667,4 1.545643,5 11.07397,6 2806,7 2188,8 59.765923,9 kk}
{0 258,1 0.538622,2 20,3 23.95,4 1.590814,5 14.256409,6 2734,7 2133,8 47.942869,9 kk}
{0 233,1 0.481405,2 28,3 17.285714,4 1.626033,5 12.616765,6 2755,7 2168,8 51.727603,9 kk}
{0 248,1 0.496994,2 21,3 23.761905,4 1.691383,5 16.719191,6 2964,7 2359,8 39.625685,9 kk}
{0 249,1 0.51875,2 16,3 30,4 1.658333,5 18.333333,6 2796,7 2238,8 36.09,9 kk}
{0 244,1 0.487026,2 17,3 29.470588,4 1.548902,5 16.019772,6 2798,7 2194,8 45.885227,9 kk}
{0 240,1 0.478088,2 24,3 20.916667,4 1.533865,5 13.306906,6 2771,7 2166,8 55.839643,9 kk}
{0 266,1 0.580786,2 23,3 19.913043,4 1.604803,5 13.72941,6 2735,7 2140,8 50.856885,9 kk}
{0 275,1 0.568182,2 13,3 37.230769,4 1.681818,5 21.917101,6 2879,7 2287,8 26.763951,9 kk}
{0 277,1 0.58811,2 26,3 18.115385,4 1.600849,5 13.021101,6 2702,7 2108,8 53.016037,9 kk}
{0 258,1 0.54661,2 15,3 31.466667,4 1.595339,5 18.010395,6 2730,7 2142,8 39.930655,9 kk}
{0 282,1 0.567404,2 20,3 24.85,4 1.895372,5 20.241811,6 3206,7 2629,8 21.263759,9 m}
{0 254,1 0.520492,2 22,3 22.181818,4 2.02459,5 21.659613,6 3345,7 2723,8 13.040127,9 m}
{0 250,1 0.501002,2 20,3 24.95,4 1.783567,5 19.679399,6 3098,7 2465,8 30.62097,9 m}
{0 238,1 0.47505,2 20,3 25.05,4 1.832335,5 20.798443,6 3155,7 2547,8 26.393681,9 m}
{0 250,1 0.523013,2 16,3 29.875,4 1.83682,5 21.740795,6 2981,7 2383,8 21.116896,9 m}
{0 266,1 0.541752,2 19,3 25.842105,4 1.953157,5 21.742137,6 3238,7 2662,8 15.368196,9 m}
{0 258,1 0.512922,2 21,3 23.952381,4 1.829026,5 17.930853,6 3188,7 2537,8 27.787747,9 m}
{0 280,1 0.571429,2 32,3 15.3125,4 1.879592,5 14.451531,6 3197,7 2603,8 32.279343,9 m}
{0 274,1 0.563786,2 27,3 18,4 1.8107,5 15.595062,6 3032,7 2413,8 35.379815,9 m}
{0 275,1 0.565844,2 25,3 19.44,4 1.971193,5 19.134025,6 3296,7 2706,8 20.340437,9 m}
{0 269,1 0.550102,2 18,3 27.166667,4 1.805726,5 19.373824,6 3064,7 2487,8 26.496416,9 m}
{0 256,1 0.547009,2 21,3 22.285714,4 1.758547,5 16.777534,6 2834,7 2304,8 35.441923,9 m}
{0 249,1 0.51875,2 20,3 24,4 1.7,5 16.35,6 2821,7 2286,8 38.655,9 m}
{0 247,1 0.512448,2 17,3 28.352941,4 1.892116,5 21.963583,6 3062,7 2515,8 17.983736,9 m}
{0 234,1 0.464286,2 23,3 21.913043,4 1.676587,5 15.828709,6 2957,7 2348,8 42.753975,9 n}
{0 250,1 0.514403,2 20,3 24.3,4 1.72428,5 17.868148,6 2958,7 2330,8 36.296426,9 n}
{0 241,1 0.483936,2 20,3 24.9,4 1.710843,5 17.590522,6 3020,7 2407,8 36.824151,9 n}
{0 281,1 0.55754,2 23,3 21.913043,4 1.777778,5 17.336646,6 3100,7 2463,8 34.193261,9 n}
{0 267,1 0.536145,2 21,3 23.714286,4 1.835341,5 18.240734,6 3119,7 2509,8 27.49512,9 n}
{0 264,1 0.545455,2 19,3 25.473684,4 1.826446,5 18.70187,6 3098,7 2495,8 26.461855,9 n}
{0 256,1 0.552916,2 18,3 25.722222,4 1.794816,5 19.532949,6 3011,7 2354,8 28.885476,9 n}
{0 259,1 0.545263,2 23,3 20.652174,4 1.791579,5 17.271396,6 3025,7 2378,8 34.305465,9 n}
{0 250,1 0.519751,2 18,3 26.722222,4 1.810811,5 19.088057,6 3096,7 2475,8 26.51735,9 n}
{0 257,1 0.536534,2 20,3 23.95,4 1.912317,5 20.185428,6 3173,7 2541,8 20.743704,9 n}
{0 261,1 0.531568,2 21,3 23.380952,4 1.771894,5 17.417554,6 3024,7 2445,8 33.201093,9 n}
{0 284,1 0.596639,2 21,3 22.666667,4 1.796218,5 17.301961,6 3033,7 2468,8 31.868249,9 n}
{0 232,1 0.491525,2 19,3 24.842105,4 1.677966,5 16.801249,6 2869,7 2288,8 39.664331,9 n}
{0 239,1 0.476096,2 24,3 20.916667,4 1.796813,5 17.290969,6 3128,7 2521,8 33.594225,9 pp}
{0 271,1 0.555328,2 25,3 19.52,4 1.901639,5 17.726033,6 3155,7 2591,8 26.143511,9 pp}
{0 280,1 0.572597,2 26,3 18.807692,4 1.91002,5 17.993425,6 3287,7 2681,8 26.157462,9 pp}
{0 254,1 0.511066,2 27,3 18.407407,4 1.869215,5 16.296565,6 3222,7 2652,8 30.015868,9 pp}
{0 279,1 0.560241,2 28,3 17.785714,4 1.742972,5 14.343201,6 3120,7 2524,8 41.327078,9 pp}
{0 262,1 0.521912,2 35,3 14.342857,4 1.721116,5 12.749095,6 3120,7 2528,8 46.670625,9 pp}
{0 251,1 0.524008,2 31,3 15.451613,4 1.964509,5 16.452044,6 3289,7 2722,8 24.954118,9 pp}
{0 239,1 0.480885,2 26,3 19.115385,4 1.877264,5 16.740721,6 3259,7 2692,8 28.616386,9 pp}
{0 266,1 0.520548,2 28,3 18.25,4 1.908023,5 15.910568,6 3370,7 2795,8 26.892463,9 pp}
{0 250,1 0.509165,2 27,3 18.185185,4 1.816701,5 16.316844,6 3152,7 2565,8 34.684165,9 pp}
{0 238,1 0.485714,2 32,3 15.3125,4 1.636735,5 12.084184,6 2922,7 2327,8 52.825057,9 pp}
{0 227,1 0.462322,2 26,3 18.884615,4 1.749491,5 15.293154,6 2961,7 2412,8 39.660191,9 pp}
{0 231,1 0.464789,2 32,3 15.53125,4 1.750503,5 14.180307,6 3027,7 2428,8 42.978226,9 pp}
{0 203,1 0.410101,2 24,3 20.625,4 1.755556,5 15.926768,6 2990,7 2436,8 37.380625,9 pp}
{0 245,1 0.50308,2 33,3 14.757576,4 1.7577,5 13.459498,6 3044,7 2460,8 43.154623,9 pp}
{0 245,1 0.495951,2 19,3 26,4 1.789474,5 19.549798,6 3002,7 2420,8 29.055526,9 pp}
{0 219,1 0.440644,2 20,3 24.85,4 1.702213,5 17.424909,6 2939,7 2379,8 37.605007,9 pp}
{0 259,1 0.539583,2 22,3 21.818182,4 1.827083,5 17.143939,6 3001,7 2452,8 30.118295,9 pp}
{0 261,1 0.54375,2 19,3 25.263158,4 1.8125,5 19.77193,6 3018,7 2430,8 27.855395,9 pp}
{0 277,1 0.574689,2 17,3 28.352941,4 1.983402,5 23.291384,6 3193,7 2624,8 10.260914,9 pp}
{0 245,1 0.505155,2 22,3 22.045455,4 1.76701,5 17.065604,6 2988,7 2414,8 34.969791,9 pp}
{0 256,1 0.515091,2 24,3 20.708333,4 1.732394,5 16.009691,6 3004,7 2410,8 39.255478,9 pp}
{0 244,1 0.503093,2 29,3 16.724138,4 1.837113,5 15.514397,6 3044,7 2449,8 34.440206,9 q}
{0 248,1 0.49501,2 27,3 18.555556,4 1.822355,5 16.284498,6 3189,7 2571,8 33.829854,9 q}
{0 233,1 0.469758,2 30,3 16.533333,4 1.840726,5 16.129462,6 3176,7 2591,8 34.328263,9 q}
{0 244,1 0.490946,2 30,3 16.566667,4 1.782696,5 15.479785,6 3051,7 2461,8 39.203737,9 q}
{0 244,1 0.506224,2 28,3 17.214286,4 1.724066,5 13.690694,6 2954,7 2370,8 43.506483,9 q}
{0 237,1 0.485656,2 33,3 14.787879,4 1.805328,5 14.849578,6 3120,7 2536,8 39.094565,9 q}
{0 240,1 0.491803,2 33,3 14.787879,4 1.856557,5 15.013512,6 3159,7 2583,8 34.760549,9 q}
{0 254,1 0.519427,2 29,3 16.862069,4 1.856851,5 16.642578,6 3123,7 2554,8 32.630429,9 q}
{0 221,1 0.445565,2 29,3 17.103448,4 1.854839,5 15.631702,6 3150,7 2567,8 32.555645,9 q}
{0 255,1 0.529046,2 23,3 20.956522,4 1.711618,5 16.432401,6 2914,7 2331,8 40.761226,9 q}
{0 234,1 0.473684,2 29,3 17.034483,4 1.51417,5 10.700433,6 2816,7 2194,8 61.446215,9 q}
{0 266,1 0.545082,2 26,3 18.769231,4 1.604508,5 13.491299,6 2812,7 2172,8 52.042837,9 q}
{0 258,1 0.509881,2 32,3 15.8125,4 1.679842,5 13.044368,6 3010,7 2408,8 48.670688,9 q}
{0 256,1 0.545842,2 23,3 20.391304,4 1.695096,5 15.064837,6 2858,7 2234,8 42.732709,9 q}
{0 235,1 0.480573,2 29,3 16.862069,4 1.662577,5 13.861392,6 2863,7 2269,8 49.066012,9 q}
{0 241,1 0.482966,2 23,3 21.695652,4 2.032064,5 21.423752,6 3307,7 2723,8 12.901288,9 qq}
{0 230,1 0.465587,2 20,3 24.7,4 2.044534,5 23.726154,6 3355,7 2771,8 8.796889,9 qq}
{0 274,1 0.548,2 23,3 21.73913,4 1.946,5 20.375652,6 3267,7 2663,8 20.138183,9 qq}
{0 249,1 0.511294,2 25,3 19.48,4 1.909651,5 18.141076,6 3187,7 2588,8 25.506332,9 qq}
{0 258,1 0.527607,2 23,3 21.26087,4 1.869121,5 18.0749,6 3047,7 2427,8 27.12761,9 qq}
{0 245,1 0.521277,2 18,3 26.111111,4 1.893617,5 21.167849,6 3012,7 2445,8 20.132222,9 qq}
{0 276,1 0.559838,2 18,3 27.388889,4 1.874239,5 20.36732,6 3136,7 2511,8 20.474629,9 qq}
{0 270,1 0.546559,2 19,3 26,4 1.955466,5 22.464777,6 3262,7 2656,8 15.012611,9 qq}
{0 265,1 0.540816,2 18,3 27.222222,4 1.828571,5 21.256236,6 3089,7 2464,8 24.507302,9 qq}
{0 256,1 0.520325,2 19,3 25.894737,4 1.900407,5 21.008301,6 3188,7 2597,8 19.777452,9 qq}
{0 250,1 0.497018,2 19,3 26.473684,4 1.755467,5 19.496034,6 3081,7 2488,8 31.451686,9 qq}
{0 281,1 0.578189,2 21,3 23.142857,4 1.860082,5 19.627513,6 3097,7 2502,8 25.982037,9 qq}
{0 271,1 0.530333,2 18,3 28.388889,4 1.949119,5 21.609959,6 3280,7 2659,8 13.124779,9 qq}
{0 258,1 0.51497,2 16,3 31.3125,4 1.974052,5 23.622804,6 3288,7 2699,8 8.048022,9 qq}
{0 260,1 0.527383,2 17,3 29,4 2.141988,5 24.419473,6 3481,7 2878,8 -3.81217,9 qq}
{0 260,1 0.531697,2 18,3 27.166667,4 1.97546,5 22.482209,6 3262,7 2672,8 12.136907,9 qq}
{0 262,1 0.522954,2 16,3 31.3125,4 1.898204,5 23.542964,6 3198,7 2613,8 14.464789,9 qq}
{0 269,1 0.530572,2 20,3 25.35,4 1.944773,5 21.027574,6 3337,7 2717,8 16.576939,9 qq}
{0 258,1 0.525458,2 17,3 28.882353,4 1.89002,5 21.736241,6 3118,7 2519,8 17.623689,9 qq}
{0 249,1 0.50303,2 21,3 23.571429,4 1.919192,5 20.01443,6 3180,7 2595,8 20.546364,9 qq}
{0 267,1 0.555094,2 19,3 25.315789,4 1.756757,5 18.525484,6 2948,7 2343,8 32.517852,9 qq}
{0 285,1 0.571142,2 19,3 26.263158,4 1.769539,5 19.162578,6 3099,7 2468,8 30.474889,9 qq}
{0 267,1 0.529762,2 17,3 29.647059,4 1.80754,5 20.906443,6 3133,7 2549,8 23.825378,9 qq}
{0 213,1 0.429435,2 29,3 17.103448,4 1.784274,5 17.32525,6 3081,7 2499,8 38.525403,9 rr}
{0 223,1 0.446,2 32,3 15.625,4 1.812,5 14.81,6 3062,7 2504,8 37.680425,9 rr}
{0 195,1 0.383104,2 33,3 15.424242,4 1.789784,5 14.971269,6 3241,7 2655,8 39.763677,9 rr}
{0 245,1 0.507246,2 23,3 21,4 1.824017,5 17.840994,6 3051,7 2468,8 31.208199,9 rr}
{0 232,1 0.467742,2 30,3 16.533333,4 1.747984,5 13.952043,6 2975,7 2392,8 42.174231,9 rr}
{0 224,1 0.48172,2 31,3 15,4 1.737634,5 14.344086,6 2834,7 2236,8 44.606129,9 rr}
{0 243,1 0.510504,2 29,3 16.413793,4 1.894958,5 17.405853,6 3018,7 2422,8 29.861555,9 rr}
{0 264,1 0.536585,2 30,3 16.4,4 1.843496,5 15.177886,6 3192,7 2589,8 34.229244,9 rr}
{0 243,1 0.486974,2 21,3 23.761905,4 1.705411,5 17.360473,6 2858,7 2290,8 38.438911,9 rr}
{0 228,1 0.471074,2 30,3 16.133333,4 1.865702,5 17.11449,6 3067,7 2508,8 32.621237,9 rr}
{0 239,1 0.46771,2 19,3 26.894737,4 1.833659,5 20.229519,6 3047,7 2459,8 24.409249,9 rr}
{0 234,1 0.468938,2 36,3 13.861111,4 1.771543,5 13.881118,6 3018,7 2443,8 42.893427,9 rr}
{0 229,1 0.479079,2 35,3 13.657143,4 1.661088,5 12.492146,6 2758,7 2185,8 52.444967,9 rr}
{0 238,1 0.469428,2 32,3 15.84375,4 1.633136,5 12.491346,6 2886,7 2289,8 52.59028,9 rr}
{0 230,1 0.465587,2 24,3 20.583333,4 1.659919,5 15.601754,6 2886,7 2302,8 45.513767,9 s}
{0 266,1 0.538462,2 23,3 21.478261,4 1.769231,5 16.68847,6 3020,7 2428,8 35.357642,9 s}
{0 256,1 0.514056,2 26,3 19.153846,4 1.546185,5 13.284028,6 2741,7 2149,8 56.586617,9 s}
{0 272,1 0.53125,2 27,3 18.962963,4 1.658203,5 15.00706,6 2934,7 2312,8 47.303608,9 s}
{0 244,1 0.484127,2 23,3 21.913043,4 1.748016,5 17.336646,6 2957,7 2360,8 36.711118,9 s}
{0 248,1 0.513458,2 19,3 25.421053,4 1.732919,5 18.864073,6 2868,7 2272,8 34.427663,9 s}
{0 245,1 0.483235,2 27,3 18.777778,4 1.7357,5 15.400657,6 2999,7 2409,8 40.935319,9 s}
{0 257,1 0.530992,2 30,3 16.133333,4 1.652893,5 12.81697,6 2854,7 2258,8 50.624956,9 s}
{0 247,1 0.493014,2 27,3 18.555556,4 1.856287,5 17.242582,6 3102,7 2530,8 30.959195,9 s}
{0 283,1 0.576375,2 24,3 20.458333,4 1.714868,5 15.433842,6 2920,7 2336,8 40.991991,9 s}
{0 262,1 0.527163,2 30,3 16.566667,4 1.841046,5 15.721234,6 3077,7 2468,8 34.267318,9 s}
{0 242,1 0.495902,2 23,3 21.217391,4 1.827869,5 17.667284,6 3036,7 2451,8 30.661643,9 s}
{0 250,1 0.501002,2 30,3 16.633333,4 1.633267,5 12.985999,6 2895,7 2301,8 51.777818,9 s}
{0 269,1 0.520309,2 26,3 19.884615,4 1.649903,5 14.684987,6 3038,7 2413,8 47.070297,9 s}
{0 241,1 0.492843,2 20,3 24.45,4 1.709611,5 17.387362,6 2875,7 2321,8 37.385121,9 t}
{0 264,1 0.54321,2 19,3 25.578947,4 1.781893,5 18.955859,6 2947,7 2387,8 30.12422,9 t}
{0 251,1 0.512245,2 13,3 37.692308,4 1.761224,5 23.321821,6 2987,7 2401,8 19.577716,9 t}
{0 276,1 0.559838,2 15,3 32.866667,4 2.077079,5 24.667965,6 3375,7 2747,8 -2.245559,9 t}
{0 246,1 0.497976,2 18,3 27.444444,4 1.811741,5 20.208547,6 3029,7 2458,8 25.70561,9 t}
{0 252,1 0.514286,2 21,3 23.333333,4 1.761224,5 16.92517,6 2895,7 2345,8 34.152075,9 t}
{0 245,1 0.479452,2 18,3 28.388889,4 1.906067,5 20.983736,6 3215,7 2645,8 16.767049,9 t}
{0 258,1 0.525458,2 18,3 27.277778,4 1.88391,5 19.546549,6 3074,7 2524,8 19.769237,9 t}
{0 251,1 0.518595,2 14,3 34.571429,4 2.018595,5 24.324439,6 3181,7 2627,8 0.97186,9 t}
{0 266,1 0.521569,2 18,3 28.333333,4 1.637255,5 16.980392,6 2898,7 2320,8 39.564902,9 t}
{0 273,1 0.54491,2 27,3 18.555556,4 1.646707,5 13.250566,6 2866,7 2239,8 48.689734,9 t}
{0 258,1 0.530864,2 19,3 25.578947,4 1.884774,5 19.6966,6 3095,7 2538,8 21.420517,9 t}
{0 264,1 0.531187,2 21,3 23.666667,4 1.736419,5 17.032059,6 2935,7 2363,8 35.912327,9 t}
{0 241,1 0.489837,2 26,3 18.923077,4 1.502033,5 11.552971,6 2768,7 2108,8 60.556126,9 tt}
{0 255,1 0.518293,2 27,3 18.222222,4 1.512195,5 11.841734,6 2727,7 2122,8 60.407737,9 tt}
{0 250,1 0.506073,2 25,3 19.76,4 1.700405,5 14.786591,6 3002,7 2403,8 42.924349,9 tt}
{0 229,1 0.467347,2 28,3 17.5,4 1.716327,5 14.346939,6 2949,7 2375,8 43.871276,9 tt}
{0 245,1 0.489022,2 24,3 20.875,4 1.560878,5 14.258184,6 2756,7 2192,8 53.596576,9 tt}
{0 254,1 0.511066,2 27,3 18.407407,4 1.565392,5 12.513868,6 2783,7 2215,8 55.719288,9 tt}
{0 228,1 0.468172,2 26,3 18.730769,4 1.566735,5 12.091897,6 2749,7 2204,8 55.277479,9 tt}
{0 210,1 0.432099,2 30,3 16.2,4 1.522634,5 10.101399,6 2708,7 2142,8 61.577185,9 tt}
{0 229,1 0.458,2 26,3 19.230769,4 1.65,5 14.252308,6 2816,7 2271,8 47.725769,9 tt}
{0 236,1 0.482618,2 30,3 16.3,4 1.709611,5 12.245971,6 2874,7 2304,8 45.657371,9 tt}
{0 208,1 0.419355,2 32,3 15.5,4 1.606855,5 10.877419,6 2819,7 2253,8 55.162581,9 tt}
{0 224,1 0.459016,2 32,3 15.25,4 1.631148,5 11.67377,6 2821,7 2257,8 53.361168,9 tt}
{0 219,1 0.439759,2 28,3 17.785714,4 1.594378,5 12.736776,6 2782,7 2226,8 53.898163,9 tt}
{0 245,1 0.49,2 25,3 20,4 1.752,5 15.44,6 2969,7 2380,8 38.3158,9 tt}
{0 228,1 0.464358,2 26,3 18.884615,4 1.596741,5 12.523296,6 2811,7 2193,8 52.582798,9 tt}
{0 231,1 0.474333,2 26,3 18.730769,4 1.62423,5 13.241794,6 4637,7 2148,8 50.413413,9 tt}
{0 265,1 0.533199,2 22,3 22.590909,4 1.899396,5 19.257692,6 3169,7 2564,8 23.216294,9 u}
{0 277,1 0.563008,2 22,3 22.363636,4 1.786585,5 17.075536,6 3050,7 2442,8 32.990787,9 u}
{0 279,1 0.589852,2 16,3 29.5625,4 1.826638,5 20.958192,6 3004,7 2391,8 22.295447,9 u}
{0 280,1 0.565657,2 17,3 29.117647,4 1.824242,5 20.697564,6 3134,7 2524,8 22.949679,9 u}
{0 294,1 0.6,2 25,3 19.6,4 1.963265,5 19.105306,6 3260,7 2657,8 20.848755,9 u}
{0 283,1 0.569416,2 20,3 24.85,4 1.742455,5 17.666358,6 2991,7 2407,8 34.20058,9 u}
{0 277,1 0.564155,2 20,3 24.55,4 1.723014,5 17.396375,6 2909,7 2333,8 36.149744,9 u}
{0 261,1 0.52834,2 23,3 21.478261,4 1.704453,5 16.364584,6 3000,7 2409,8 40.837804,9 u}
{0 277,1 0.551793,2 22,3 22.818182,4 1.826693,5 18.529663,6 3073,7 2479,8 29.136298,9 u}
{0 257,1 0.530992,2 20,3 24.2,4 1.737603,5 17.283306,6 2927,7 2339,8 35.27076,9 u}
{0 289,1 0.598344,2 19,3 25.421053,4 1.803313,5 19.360968,6 3130,7 2360,8 28.472383,9 u}
{0 283,1 0.569416,2 18,3 27.611111,4 1.704225,5 18.770803,6 3338,7 2421,8 34.632257,9 u}
{0 299,1 0.588583,2 17,3 29.882353,4 1.769685,5 20.141918,6 3442,7 2505,8 26.789057,9 u}
{0 299,1 0.596806,2 23,3 21.782609,4 1.812375,5 17.735,6 3269,7 2503,8 31.398706,9 u}
{0 259,1 0.536232,2 21,3 23,4 1.846791,5 18.72381,6 3021,7 2461,8 27.251491,9 u}
{0 260,1 0.555556,2 16,3 29.25,4 1.688034,5 19.563248,6 2806,7 2189,8 34.338558,9 vv}
{0 261,1 0.54375,2 13,3 36.923077,4 1.597917,5 21.102564,6 2784,7 2097,8 34.174327,9 vv}
{0 238,1 0.488706,2 18,3 27.055556,4 1.661191,5 17.721606,6 2917,7 2311,8 38.836855,9 vv}
{0 245,1 0.511482,2 17,3 28.176471,4 1.611691,5 16.698563,6 2875,7 2216,8 41.886822,9 vv}
{0 266,1 0.554167,2 16,3 30,4 1.741667,5 20.583333,6 2950,7 2308,8 29.04,9 vv}
{0 265,1 0.540816,2 16,3 30.625,4 1.673469,5 19.270408,6 2884,7 2281,8 34.175115,9 vv}
{0 264,1 0.545455,2 18,3 26.888889,4 1.72314,5 18.358861,6 2875,7 2295,8 33.765092,9 vv}
{0 275,1 0.545635,2 16,3 31.5,4 1.664683,5 19.901587,6 2999,7 2351,8 34.030357,9 vv}
{0 257,1 0.527721,2 14,3 34.785714,4 1.657084,5 20.731534,6 2869,7 2284,8 31.338178,9 vv}
{0 266,1 0.541752,2 18,3 27.277778,4 1.610998,5 16.532292,6 2830,7 2216,8 42.857628,9 vv}
{0 247,1 0.525532,2 17,3 27.647059,4 1.693617,5 18.888611,6 2783,7 2222,8 35.493235,9 vv}
{0 271,1 0.536634,2 15,3 33.666667,4 1.609901,5 19.407261,6 2979,7 2336,8 36.46571,9 vv}
{0 250,1 0.493097,2 19,3 26.684211,4 1.635108,5 16.82753,6 2993,7 2381,8 41.420349,9 vv}
{0 246,1 0.504098,2 23,3 21.217391,4 1.579918,5 13.732858,6 2815,7 2199,8 51.638282,9 vv}
{0 260,1 0.525253,2 24,3 20.625,4 1.60404,5 14.310606,6 2928,7 2321,8 50.198807,9 ww}
{0 249,1 0.502016,2 28,3 17.714286,4 1.554435,5 11.601843,6 2871,7 2250,8 57.349758,9 ww}
{0 247,1 0.509278,2 25,3 19.4,4 1.546392,5 12.625979,6 2768,7 2176,8 56.319258,9 ww}
{0 246,1 0.5125,2 24,3 20,4 1.635417,5 14.166667,6 2815,7 2236,8 48.17875,9 ww}
{0 204,1 0.409639,2 25,3 19.92,4 1.819277,5 17.526233,6 3032,7 2426,8 32.705357,9 ww}
{0 228,1 0.469136,2 30,3 16.2,4 1.757202,5 14.29893,6 2984,7 2402,8 41.732741,9 ww}
{0 251,1 0.508097,2 32,3 15.4375,4 1.740891,5 13.705364,6 2962,7 2361,8 43.886585,9 ww}
{0 244,1 0.480315,2 30,3 16.933333,4 1.677165,5 13.544987,6 3056,7 2447,8 47.759478,9 ww}
{0 214,1 0.447699,2 32,3 14.9375,4 1.648536,5 10.744874,6 2756,7 2145,8 52.207329,9 ww}
{0 260,1 0.534979,2 28,3 17.357143,4 1.853909,5 17.313228,6 3046,7 2463,8 32.376759,9 ww}
{0 253,1 0.50099,2 25,3 20.2,4 1.867327,5 18.535446,6 3144,7 2563,8 28.356158,9 ww}
{0 247,1 0.488142,2 27,3 18.740741,4 1.966403,5 20.223569,6 3268,7 2680,8 21.455441,9 ww}
{0 226,1 0.45935,2 30,3 16.4,4 1.823171,5 15.58439,6 3160,7 2523,8 35.948756,9 ww}
{0 225,1 0.461066,2 27,3 18.074074,4 1.766393,5 15.508318,6 3007,7 2387,8 39.05293,9 ww}
{0 251,1 0.514344,2 25,3 19.52,4 1.846311,5 18.217836,6 3074,7 2493,8 30.824249,9 ww}
{0 245,1 0.502049,2 23,3 21.217391,4 1.981557,5 20.536137,6 3093,7 2513,8 17.659594,9 y}
{0 246,1 0.503067,2 17,3 28.764706,4 1.844581,5 21.240034,6 2961,7 2399,8 21.58729,9 y}
{0 261,1 0.539256,2 18,3 26.888889,4 1.948347,5 21.91258,6 3091,7 2537,8 14.712612,9 y}
{0 251,1 0.502,2 21,3 23.809524,4 1.936,5 20.56381,6 3191,7 2573,8 18.882733,9 y}
{0 265,1 0.545267,2 20,3 24.3,4 1.884774,5 20.584198,6 3140,7 2532,8 22.718648,9 y}
{0 243,1 0.484064,2 18,3 27.888889,4 1.800797,5 20.079858,6 3059,7 2457,8 26.180367,9 y}
{0 274,1 0.561475,2 24,3 20.333333,4 1.813525,5 17.149727,6 3049,7 2447,8 32.772486,9 y}
{0 234,1 0.459725,2 18,3 28.277778,4 1.770138,5 19.64117,6 2977,7 2360,8 28.379421,9 y}
{0 270,1 0.520231,2 23,3 22.565217,4 1.938343,5 21.203351,6 3352,7 2708,8 19.947489,9 y}
{0 275,1 0.552209,2 18,3 27.666667,4 1.89759,5 21.829719,6 3240,7 2636,8 18.217189,9 y}
{0 281,1 0.578189,2 21,3 23.142857,4 2.047325,5 22.508172,6 3282,7 2677,8 10.141296,9 y}

Calculating InfoGain on the training set's features
===================================================
Features InfoGain score (non-zero only):
----------------------------------------
> Average-Syllables-in-Word{-}       0.482145
> Flesch-Reading-Ease-Score{-}       0.452020
> Gunning-Fog-Readability-Index{-}   0.449682
> Average-Sentence-Length{-}         0.448240
> Letter-Space{-}                    0.445438
> Sentence-Count{-}                  0.422040
> Character-Space{-}                 0.388675

Feature-type breakdown:
-----------------------
> Sentence-Count                  0.422040 (13.67%)
> Letter-Space                    0.445438 (14.42%)
> Unique-Words-Count              0.000000 (0.00%)
> Complexity                      0.000000 (0.00%)
> Average-Syllables-in-Word       0.482145 (15.61%)
> Gunning-Fog-Readability-Index   0.449682 (14.56%)
> Average-Sentence-Length         0.448240 (14.51%)
> Flesch-Reading-Ease-Score       0.452020 (14.64%)
> Character-Space                 0.388675 (12.59%)

done!

2013-03-22, 16:33:25 Starting 10-folds cross-validation on training corpus phase...

================================================================================

Running analysis with classifier 1 out of 1:
> Classifier: weka.classifiers.functions.SMO
> Options:    -C 1.0 -L 0.0010 -P 1.0E-12 -N 0 -V -1 -W 1 -K weka.classifiers.functions.supportVector.PolyKernel -C 250007 -E 1.0 

2013-03-22, 16:33:25 Starting cross validation...
2013-03-22, 16:34:22 done!

=== Summary ===

Correctly Classified Instances          92               23.4694 %
Incorrectly Classified Instances       300               76.5306 %
Kappa statistic                          0.196 
Mean absolute error                      0.0747
Root mean squared error                  0.1921
Relative absolute error                 97.4408 %
Root relative squared error             98.0872 %
Total Number of Instances              392     

=== Detailed Accuracy By Class ===

               TP Rate   FP Rate   Precision   Recall  F-Measure   ROC Area  Class
                 0.5       0.099      0.196     0.5       0.281      0.802    c
                 0.667     0.118      0.214     0.667     0.324      0.904    cc
                 0         0.003      0         0         0          0.745    d
                 0.5       0.008      0.7       0.5       0.583      0.973    dd
                 0.118     0.003      0.667     0.118     0.2        0.9      f
                 0         0.011      0         0         0          0.807    g
                 0.071     0.019      0.125     0.071     0.091      0.825    gg
                 0.167     0.043      0.158     0.167     0.162      0.809    h
                 0         0          0         0         0          0.71     i
                 0         0          0         0         0          0.766    j
                 0.684     0.088      0.283     0.684     0.4        0.915    k
                 0.118     0.037      0.125     0.118     0.121      0.859    kk
                 0         0          0         0         0          0.668    m
                 0         0.003      0         0         0          0.65     n
                 0.591     0.146      0.194     0.591     0.292      0.79     pp
                 0         0.003      0         0         0          0.86     q
                 0.565     0.125      0.22      0.565     0.317      0.872    qq
                 0         0          0         0         0          0.809    rr
                 0         0.003      0         0         0          0.739    s
                 0         0          0         0         0          0.701    t
                 0.438     0.043      0.304     0.438     0.359      0.894    tt
                 0.4       0.029      0.353     0.4       0.375      0.907    u
                 0.286     0.026      0.286     0.286     0.286      0.944    vv
                 0         0          0         0         0          0.742    ww
                 0         0          0         0         0          0.813    y
Weighted Avg.    0.235     0.039      0.164     0.235     0.167      0.821

=== Confusion Matrix ===

  a  b  c  d  e  f  g  h  i  j  k  l  m  n  o  p  q  r  s  t  u  v  w  x  y   <-- classified as
  9  1  0  0  0  0  1  2  0  0  0  1  0  0  1  0  1  0  0  0  1  0  1  0  0 |  a = c
  0 12  0  0  1  0  0  0  0  0  0  0  0  0  0  0  3  0  0  0  0  2  0  0  0 |  b = cc
  1  2  0  1  0  0  0  1  0  0  0  0  0  0  1  0  3  0  0  0  0  3  1  0  0 |  c = d
  0  0  0  7  0  1  1  0  0  0  0  4  0  0  0  0  0  0  0  0  0  1  0  0  0 |  d = dd
  0 10  0  0  2  0  0  1  0  0  0  0  0  0  1  0  3  0  0  0  0  0  0  0  0 |  e = f
  1  1  0  0  0  0  1  0  0  0  7  3  0  0  0  0  0  0  0  0  2  0  1  0  0 |  f = g
  4  3  0  0  0  1  1  0  0  0  3  0  0  0  0  0  0  0  0  0  2  0  0  0  0 |  g = gg
  4  0  0  0  0  0  0  3  0  0  0  0  0  0  4  0  7  0  0  0  0  0  0  0  0 |  h = h
  4  0  0  0  0  0  0  3  0  0  1  0  0  0  1  0  2  0  0  0  3  0  0  0  0 |  i = i
  7  1  0  0  0  0  1  0  0  0  0  0  0  0  4  0  1  0  0  0  0  0  1  0  0 |  j = j
  0  0  0  0  0  0  0  0  0  0 13  2  0  0  2  0  0  0  1  0  0  0  1  0  0 |  k = k
  0  1  0  1  0  1  1  0  0  0  7  2  0  0  0  0  0  0  0  0  1  0  3  0  0 |  l = kk
  1  2  0  0  0  0  0  1  0  0  0  0  0  1  2  0  6  0  0  0  0  0  1  0  0 |  m = m
  2  1  0  0  0  0  1  0  0  0  0  0  0  0  3  0  4  0  0  0  0  2  0  0  0 |  n = n
  4  1  0  0  0  0  0  2  0  0  0  0  0  0 13  0  1  0  0  0  1  0  0  0  0 |  o = pp
  1  0  0  0  0  1  0  0  0  0  1  2  0  0  9  0  0  0  0  0  1  0  0  0  0 |  p = q
  0  3  0  0  0  0  0  4  0  0  0  0  0  0  1  0 13  0  0  0  0  2  0  0  0 |  q = qq
  4  0  0  0  0  0  0  0  0  0  0  0  0  0  7  0  0  0  0  0  3  0  0  0  0 |  r = rr
  0  1  0  1  0  0  0  0  0  0  4  1  0  0  6  0  0  0  0  0  1  0  0  0  0 |  s = s
  1  3  0  0  0  0  0  0  0  0  1  0  0  0  1  0  6  0  0  0  0  0  1  0  0 |  t = t
  0  0  1  0  0  0  0  0  0  0  4  0  0  0  3  1  0  0  0  0  7  0  0  0  0 |  u = tt
  0  6  0  0  0  0  0  0  0  0  0  0  0  0  1  0  2  0  0  0  0  6  0  0  0 |  v = u
  0  7  0  0  0  0  1  0  0  0  1  1  0  0  0  0  0  0  0  0  0  0  4  0  0 |  w = vv
  2  0  0  0  0  0  0  1  0  0  4  0  0  0  7  0  0  0  0  0  1  0  0  0  0 |  x = ww
  1  1  0  0  0  0  0  1  0  0  0  0  0  0  0  0  7  0  0  0  0  1  0  0  0 |  y = y

