============================ JStylo Analysis Output ============================
Started analysis on 2013-03-22, 16:43:52
Running 10-folds cross validation on training corpus

Training corpus:
> aa (14 documents)
> b (17 documents)
> bb (19 documents)
> cc (18 documents)
> d (13 documents)
> dd (14 documents)
> f (17 documents)
> g (16 documents)
> gg (14 documents)
> hh (20 documents)
> i (14 documents)
> j (15 documents)
> jj (15 documents)
> l (14 documents)
> ll (13 documents)
> m (14 documents)
> n (13 documents)
> qq (23 documents)
> r (14 documents)
> s (14 documents)
> ss (15 documents)
> tt (16 documents)
> uu (18 documents)
> ww (15 documents)
> x (13 documents)

Feature set: 9 feature-set:
> Unique Words Count
> Complexity
> Sentence Count
> Average Sentence Length
> Average Syllables in Word
> Gunning-Fog Readability Index
> Character Space
> Letter Space
> Flesch Reading Ease Score

Classifiers used:
> weka.classifiers.functions.SMO                    	-C 1.0 -L 0.0010 -P 1.0E-12 -N 0 -V -1 -W 1 -K weka.classifiers.functions.supportVector.PolyKernel -C 250007 -E 1.0 

================================================================================

2013-03-22, 16:43:52 Extracting features from training corpus (using sparse representation)...
2013-03-22, 16:43:59 done!

Training corpus features (ARFF):
================================
@relation JStylo

@attribute 'Unique-Words-Count{-}' numeric
@attribute 'Complexity{-}' numeric
@attribute 'Sentence-Count{-}' numeric
@attribute 'Average-Sentence-Length{-}' numeric
@attribute 'Average-Syllables-in-Word{-}' numeric
@attribute 'Gunning-Fog-Readability-Index{-}' numeric
@attribute 'Character-Space{-}' numeric
@attribute 'Letter-Space{-}' numeric
@attribute 'Flesch-Reading-Ease-Score{-}' numeric
@attribute authorName {aa,b,bb,cc,d,dd,f,g,gg,hh,i,j,jj,l,ll,m,n,qq,r,s,ss,tt,uu,ww,x}

@data
{0 249,1 0.491124,2 19,3 26.684211,4 1.593688,5 16.275262,6 2863,7 2304,8 44.924491}
{0 278,1 0.545098,2 20,3 25.5,4 1.67451,5 17.337255,6 2966,7 2384,8 39.288971}
{0 260,1 0.529532,2 22,3 22.318182,4 1.745418,5 17.562711,6 3030,7 2439,8 36.519724}
{0 257,1 0.529897,2 20,3 24.25,4 1.783505,5 18.607216,6 2984,7 2407,8 31.336714}
{0 242,1 0.484,2 21,3 23.809524,4 1.826,5 18.16381,6 3187,7 2589,8 28.188733}
{0 274,1 0.548,2 23,3 21.73913,4 1.646,5 15.095652,6 2877,7 2304,8 45.518183}
{0 252,1 0.521739,2 24,3 20.125,4 1.575569,5 13.68147,6 2756,7 2201,8 53.114957}
{0 261,1 0.530488,2 24,3 20.5,4 1.760163,5 16.16748,6 3047,7 2456,8 37.117744}
{0 248,1 0.496994,2 28,3 17.821429,4 1.839679,5 15.946207,6 3108,7 2507,8 33.109376}
{0 268,1 0.548057,2 22,3 22.227273,4 1.785276,5 16.74367,6 3054,7 2437,8 33.239962}
{0 281,1 0.578189,2 21,3 23.142857,4 1.825103,5 17.5699,6 3114,7 2534,8 28.941296}
{0 256,1 0.513026,2 23,3 21.695652,4 1.577154,5 14.049002,6 2850,7 2276,8 51.386659}
{0 251,1 0.5154,2 21,3 23.190476,4 1.550308,5 15.107813,6 2714,7 2169,8 52.140609}
{0 265,1 0.535354,2 18,3 27.5,4 1.640404,5 18.030303,6 2811,7 2252,8 40.144318}
{0 265,1 0.534274,2 27,3 18.37037,4 1.814516,5 15.573955,6 3260,7 2444,8 34.68101,9 b}
{0 255,1 0.529046,2 30,3 16.066667,4 1.848548,5 15.14036,6 3151,7 2399,8 34.140196,9 b}
{0 287,1 0.602941,2 18,3 26.444444,4 1.970588,5 20.745845,6 3572,7 2539,8 13.282124,9 b}
{0 249,1 0.528662,2 25,3 18.84,4 1.900212,5 17.98186,6 3211,7 2453,8 26.954438,9 b}
{0 210,1 0.43299,2 22,3 22.045455,4 1.727835,5 17.642924,6 3060,7 2266,8 38.284018,9 b}
{0 240,1 0.48583,2 28,3 17.642857,4 1.696356,5 15.72111,6 3138,7 2283,8 45.415759,9 b}
{0 266,1 0.534137,2 28,3 17.785714,4 1.925703,5 18.278944,6 3443,7 2608,8 25.868042,9 b}
{0 221,1 0.452869,2 27,3 18.074074,4 1.938525,5 18.377171,6 3236,7 2535,8 24.490634,9 b}
{0 257,1 0.534304,2 21,3 22.904762,4 1.89605,5 18.974795,6 3338,7 2499,8 23.180845,9 b}
{0 276,1 0.556452,2 19,3 26.105263,4 1.743952,5 18.425976,6 3321,7 2412,8 32.799851,9 b}
{0 290,1 0.594262,2 21,3 23.238095,4 1.723361,5 16.180484,6 3192,7 2407,8 37.452022,9 b}
{0 268,1 0.546939,2 24,3 20.416667,4 1.565306,5 12.819728,6 3163,7 2243,8 53.687185,9 b}
{0 276,1 0.545455,2 23,3 22,4 1.596838,5 13.859289,6 3277,7 2364,8 49.41251,9 b}
{0 241,1 0.503132,2 21,3 22.809524,4 1.693111,5 15.052828,6 3135,7 2383,8 40.446173,9 b}
{0 263,1 0.516699,2 20,3 25.45,4 1.59332,5 15.838153,6 3132,7 2319,8 46.208358,9 b}
{0 277,1 0.559596,2 21,3 23.571429,4 1.70101,5 15.81241,6 3398,7 2487,8 39.004545,9 b}
{0 293,1 0.595528,2 10,3 49.2,4 1.804878,5 28.460488,6 3534,7 2501,8 4.204317,9 b}
{0 237,1 0.486653,2 29,3 16.793103,4 1.535934,5 11.234695,6 2699,7 2094,8 59.849959,9 bb}
{0 250,1 0.510204,2 26,3 18.846154,4 1.54898,5 12.599686,6 2731,7 2151,8 56.66248,9 bb}
{0 276,1 0.559838,2 25,3 19.72,4 1.567951,5 13.648649,6 2778,7 2144,8 54.170518,9 bb}
{0 253,1 0.518443,2 22,3 22.181818,4 1.635246,5 14.692399,6 2895,7 2212,8 45.978651,9 bb}
{0 233,1 0.48847,2 24,3 19.875,4 1.557652,5 12.142872,6 2688,7 2118,8 54.884517,9 bb}
{0 253,1 0.522727,2 23,3 21.043478,4 1.584711,5 13.624003,6 2747,7 2152,8 51.409341,9 bb}
{0 224,1 0.459959,2 26,3 18.730769,4 1.49692,5 11.681219,6 2676,7 2091,8 61.183844,9 bb}
{0 259,1 0.529652,2 26,3 18.807692,4 1.650307,5 13.00365,6 2902,7 2264,8 48.129241,9 bb}
{0 236,1 0.488613,2 27,3 17.888889,4 1.509317,5 11.54479,6 2657,7 2088,8 60.989579,9 bb}
{0 254,1 0.531381,2 24,3 19.916667,4 1.600418,5 12.820223,6 2737,7 2140,8 51.224186,9 bb}
{0 224,1 0.456212,2 23,3 21.347826,4 1.641548,5 15.137908,6 2895,7 2303,8 46.292007,9 bb}
{0 283,1 0.576375,2 26,3 18.884615,4 1.606925,5 13.175027,6 2836,7 2223,8 51.721291,9 bb}
{0 264,1 0.542094,2 27,3 18.037037,4 1.694045,5 14.442741,6 3005,7 2388,8 45.211186,9 bb}
{0 253,1 0.525988,2 27,3 17.814815,4 1.619543,5 13.362932,6 2751,7 2137,8 51.739657,9 bb}
{0 278,1 0.572016,2 28,3 17.357143,4 1.697531,5 14.432569,6 2955,7 2355,8 45.606389,9 bb}
{0 228,1 0.477987,2 25,3 19.08,4 1.561845,5 12.328017,6 2701,7 2099,8 55.336725,9 bb}
{0 237,1 0.476861,2 29,3 17.137931,4 1.54326,5 11.603663,6 2862,7 2240,8 58.880241,9 bb}
{0 243,1 0.482143,2 29,3 17.37931,4 1.55754,5 11.396169,6 2815,7 2210,8 57.427143,9 bb}
{0 246,1 0.49004,2 20,3 25.1,4 1.609562,5 15.05992,6 2839,7 2245,8 45.189576,9 bb}
{0 260,1 0.536082,2 14,3 34.642857,4 1.701031,5 20.455081,6 2940,7 2344,8 27.765284,9 cc}
{0 271,1 0.550813,2 14,3 35.142857,4 1.745935,5 21.455517,6 3051,7 2440,8 23.458902,9 cc}
{0 265,1 0.528942,2 19,3 26.368421,4 1.778443,5 18.930602,6 3063,7 2468,8 29.614765,9 cc}
{0 276,1 0.541176,2 19,3 26.842105,4 1.684314,5 17.874097,6 3070,7 2464,8 37.097322,9 cc}
{0 271,1 0.548583,2 16,3 30.875,4 1.728745,5 20.690081,6 2972,7 2361,8 29.245053,9 cc}
{0 248,1 0.506122,2 15,3 32.666667,4 1.804082,5 22.454422,6 3004,7 2418,8 21.053027,9 cc}
{0 302,1 0.618852,2 19,3 25.684211,4 1.883197,5 19.617947,6 3130,7 2542,8 21.447084,9 cc}
{0 274,1 0.540434,2 19,3 26.684211,4 1.830375,5 19.352185,6 3158,7 2528,8 24.900822,9 cc}
{0 284,1 0.589212,2 14,3 34.428571,4 1.759336,5 21.904209,6 2978,7 2356,8 23.050166,9 cc}
{0 279,1 0.559118,2 15,3 33.266667,4 1.805611,5 23.086226,6 3098,7 2476,8 20.314624,9 cc}
{0 270,1 0.54878,2 16,3 30.75,4 1.739837,5 19.535772,6 2981,7 2375,8 28.433506,9 cc}
{0 280,1 0.56,2 16,3 31.25,4 1.862,5 22.42,6 3127,7 2523,8 17.59105,9 cc}
{0 280,1 0.543689,2 18,3 28.611111,4 1.751456,5 19.444444,6 3105,7 2515,8 29.621518,9 cc}
{0 256,1 0.515091,2 20,3 24.85,4 1.742455,5 18.149256,6 2952,7 2379,8 34.20058,9 cc}
{0 274,1 0.558045,2 19,3 25.842105,4 1.788187,5 19.298146,6 3020,7 2446,8 29.324611,9 cc}
{0 259,1 0.526423,2 13,3 37.846154,4 1.723577,5 22.94334,6 2988,7 2401,8 22.60652,9 cc}
{0 240,1 0.494845,2 15,3 32.333333,4 1.754639,5 20.685911,6 2947,7 2393,8 25.574192,9 cc}
{0 256,1 0.52459,2 19,3 25.684211,4 1.811475,5 19.781881,6 3064,7 2473,8 27.514707,9 cc}
{0 259,1 0.525355,2 20,3 24.65,4 1.827586,5 19.75858,6 3295,7 2469,8 27.201457,9 d}
{0 231,1 0.472393,2 24,3 20.375,4 1.766871,5 16.657157,6 3219,7 2379,8 36.677074,9 d}
{0 247,1 0.496982,2 22,3 22.590909,4 1.788732,5 18.694311,6 3265,7 2456,8 32.578467,9 d}
{0 286,1 0.594595,2 25,3 19.24,4 1.825364,5 17.84153,6 3378,7 2449,8 32.88062,9 d}
{0 279,1 0.563636,2 18,3 27.5,4 1.737374,5 19.242424,6 3300,7 2416,8 31.940682,9 d}
{0 278,1 0.567347,2 24,3 20.416667,4 1.810204,5 17.472789,6 3213,7 2417,8 32.968818,9 d}
{0 262,1 0.535787,2 15,3 32.6,4 1.574642,5 19.01137,6 2969,7 2175,8 40.531276,9 d}
{0 247,1 0.497984,2 18,3 27.555556,4 1.739919,5 19.086738,6 3203,7 2440,8 31.668934,9 d}
{0 273,1 0.558282,2 23,3 21.26087,4 1.707566,5 15.293714,6 3177,7 2278,8 40.795095,9 d}
{0 281,1 0.55315,2 17,3 29.882353,4 1.807087,5 20.535618,6 3481,7 2520,8 23.624884,9 d}
{0 275,1 0.541339,2 18,3 28.222222,4 1.777559,5 20.422747,6 3324,7 2491,8 27.807948,9 d}
{0 282,1 0.549708,2 22,3 23.318182,4 1.890838,5 19.229807,6 3495,7 2656,8 23.202133,9 d}
{0 272,1 0.530214,2 21,3 24.428571,4 1.826511,5 19.59599,6 3482,7 2594,8 27.517193,9 d}
{0 254,1 0.533613,2 20,3 23.8,4 1.670168,5 15.738487,6 3018,7 2171,8 41.381782,9 dd}
{0 266,1 0.530938,2 20,3 25.05,4 1.562874,5 14.890259,6 3125,7 2260,8 49.190088,9 dd}
{0 259,1 0.560606,2 17,3 27.176471,4 1.601732,5 16.325134,6 3075,7 2145,8 43.744389,9 dd}
{0 288,1 0.586558,2 21,3 23.380952,4 1.696538,5 16.358491,6 3281,7 2382,8 39.576246,9 dd}
{0 284,1 0.566866,2 19,3 26.368421,4 1.58483,5 16.934594,6 3021,7 2205,8 45.994406,9 dd}
{0 235,1 0.47,2 19,3 26.315789,4 1.404,5 14.286316,6 2841,7 2054,8 61.346074,9 dd}
{0 272,1 0.546185,2 19,3 26.210526,4 1.550201,5 15.865737,6 2982,7 2197,8 49.084328,9 dd}
{0 287,1 0.601677,2 20,3 23.85,4 1.675052,5 15.997023,6 3090,7 2240,8 40.917816,9 dd}
{0 223,1 0.44246,2 14,3 36,4 1.460317,5 18.209524,6 3119,7 2062,8 46.752143,9 dd}
{0 273,1 0.552632,2 20,3 24.7,4 1.657895,5 16.519676,6 3329,7 2343,8 41.506605,9 dd}
{0 275,1 0.542406,2 25,3 20.28,4 1.60355,5 14.344742,6 3136,7 2295,8 50.590445,9 dd}
{0 294,1 0.611227,2 21,3 22.904762,4 1.669439,5 16.646312,6 3238,7 2262,8 42.352155,9 dd}
{0 284,1 0.570281,2 21,3 23.714286,4 1.598394,5 15.509811,6 3241,7 2305,8 47.540904,9 dd}
{0 288,1 0.593814,2 21,3 23.095238,4 1.616495,5 15.671085,6 3161,7 2180,8 46.637869,9 dd}
{0 251,1 0.499006,2 20,3 25.15,4 1.727634,5 18.091809,6 3086,7 2453,8 35.149897,9 f}
{0 235,1 0.490605,2 18,3 26.611111,4 1.789144,5 19.245697,6 3007,7 2418,8 28.463136,9 f}
{0 268,1 0.558333,2 16,3 30,4 1.833333,5 22.666667,6 3080,7 2476,8 21.285,9 f}
{0 244,1 0.514768,2 15,3 31.6,4 1.85654,5 23.3573,6 3051,7 2455,8 17.697709,9 f}
{0 271,1 0.574153,2 14,3 33.714286,4 1.830508,5 23.994189,6 3027,7 2415,8 17.753983,9 f}
{0 255,1 0.519348,2 11,3 44.636364,4 1.747454,5 27.549046,6 2951,7 2361,8 13.694468,9 f}
{0 270,1 0.563674,2 16,3 29.9375,4 1.77453,5 20.65976,6 3015,7 2373,8 26.323177,9 f}
{0 266,1 0.525692,2 18,3 28.111111,4 1.652174,5 18.121915,6 2981,7 2358,8 38.528309,9 f}
{0 271,1 0.572939,2 13,3 36.384615,4 1.868922,5 25.293804,6 3127,7 2501,8 11.793833,9 f}
{0 278,1 0.556,2 17,3 29.411765,4 1.754,5 20.324706,6 3071,7 2483,8 28.593659,9 f}
{0 263,1 0.530242,2 14,3 35.428571,4 1.752016,5 22.558525,6 3041,7 2381,8 22.654435,9 f}
{0 278,1 0.549407,2 10,3 50.6,4 1.695652,5 28.145138,6 3146,7 2484,8 12.023826,9 f}
{0 271,1 0.535573,2 17,3 29.764706,4 1.814229,5 22.340665,6 3213,7 2589,8 23.140029,9 f}
{0 270,1 0.541082,2 16,3 31.1875,4 1.699399,5 20.170391,6 3055,7 2449,8 31.410549,9 f}
{0 252,1 0.514286,2 16,3 30.625,4 1.773469,5 21.964286,6 3073,7 2468,8 25.715115,9 f}
{0 254,1 0.50297,2 17,3 29.705882,4 1.829703,5 21.545719,6 3160,7 2536,8 21.890658,9 f}
{0 273,1 0.523992,2 14,3 37.214286,4 1.715931,5 23.02391,6 3153,7 2528,8 23.894746,9 f}
{0 234,1 0.488518,2 20,3 23.95,4 1.676409,5 15.258497,6 2944,7 2208,8 40.701533,9 g}
{0 261,1 0.538144,2 18,3 26.944444,4 1.54433,5 15.31386,6 2957,7 2132,8 48.83608,9 g}
{0 244,1 0.48996,2 15,3 33.2,4 1.60241,5 18.982811,6 3018,7 2271,8 37.573145,9 g}
{0 245,1 0.49,2 46,3 10.869565,4 1.526,5 9.787826,6 2892,7 2006,8 66.702791,9 g}
{0 235,1 0.5,2 43,3 10.930233,4 1.634043,5 11.606136,6 2832,7 2038,8 57.500814,9 g}
{0 219,1 0.438,2 17,3 29.411765,4 1.65,5 18.404706,6 2890,7 2311,8 37.392059,9 g}
{0 231,1 0.478261,2 22,3 21.954545,4 1.68323,5 16.31805,6 2833,7 2219,8 42.149894,9 g}
{0 224,1 0.452525,2 27,3 18.333333,4 1.587879,5 12.424242,6 2845,7 2236,8 53.892121,9 g}
{0 243,1 0.476471,2 19,3 26.842105,4 1.684314,5 19.128999,6 3080,7 2480,8 37.097322,9 g}
{0 260,1 0.516899,2 20,3 25.15,4 1.73161,5 18.807515,6 3023,7 2435,8 34.813515,9 g}
{0 257,1 0.520243,2 36,3 13.722222,4 1.532389,5 10.266217,6 2812,7 2245,8 63.266863,9 g}
{0 267,1 0.530815,2 37,3 13.594595,4 1.467197,5 9.493504,6 2749,7 2158,8 68.911636,9 g}
{0 253,1 0.517382,2 39,3 12.538462,4 1.443763,5 8.532767,6 2633,7 2072,8 71.96613,9 g}
{0 251,1 0.499006,2 32,3 15.71875,4 1.379722,5 8.673186,6 2643,7 2075,8 74.156015,9 g}
{0 237,1 0.477823,2 35,3 14.171429,4 1.461694,5 9.539539,6 2701,7 2124,8 68.791726,9 g}
{0 224,1 0.475584,2 18,3 26.166667,4 1.619958,5 15.222505,6 2702,7 2158,8 43.227426,9 g}
{0 283,1 0.557087,2 17,3 29.882353,4 1.624016,5 18.252154,6 2998,7 2370,8 39.112679,9 gg}
{0 293,1 0.567829,2 13,3 39.692308,4 1.655039,5 22.311032,6 3130,7 2450,8 26.531029,9 gg}
{0 253,1 0.498031,2 23,3 22.086957,4 1.511811,5 13.401712,6 2837,7 2172,8 56.517527,9 gg}
{0 242,1 0.49187,2 17,3 28.941176,4 1.739837,5 19.869154,6 2973,7 2384,8 30.269462,9 gg}
{0 198,1 0.404908,2 17,3 28.764706,4 1.785276,5 20.258439,6 2914,7 2371,8 26.604468,9 gg}
{0 201,1 0.411885,2 17,3 28.705882,4 1.807377,5 21.482353,6 2979,7 2423,8 24.794431,9 gg}
{0 195,1 0.409664,2 18,3 26.444444,4 1.77521,5 19.149206,6 2793,7 2263,8 29.811116,9 gg}
{0 211,1 0.426263,2 23,3 21.521739,4 1.876768,5 19.275362,6 3022,7 2479,8 26.215889,9 gg}
{0 233,1 0.460474,2 21,3 24.095238,4 1.561265,5 14.381178,6 2847,7 2260,8 50.295329,9 gg}
{0 267,1 0.531873,2 21,3 23.904762,4 1.412351,5 12.749156,6 2727,7 2138,8 63.086806,9 gg}
{0 262,1 0.543568,2 21,3 22.952381,4 1.537344,5 13.911243,6 2742,7 2166,8 53.478997,9 gg}
{0 207,1 0.413174,2 18,3 27.833333,4 1.62475,5 17.360878,6 2872,7 2298,8 41.130274,9 gg}
{0 241,1 0.483936,2 25,3 19.92,4 1.604418,5 13.59049,6 2877,7 2270,8 50.882465,9 gg}
{0 218,1 0.449485,2 23,3 21.086957,4 1.531959,5 12.805917,6 2693,7 2116,8 55.828028,9 gg}
{0 229,1 0.472165,2 20,3 24.25,4 1.558763,5 15.308247,6 2696,7 2104,8 50.34991,9 hh}
{0 215,1 0.433468,2 32,3 15.5,4 1.461694,5 10.151613,6 2668,7 2018,8 67.443226,9 hh}
{0 240,1 0.47619,2 32,3 15.75,4 1.458333,5 10.268254,6 2723,7 2097,8 67.47375,9 hh}
{0 221,1 0.441118,2 31,3 16.16129,4 1.433134,5 10.217011,6 2612,7 1989,8 69.188177,9 hh}
{0 215,1 0.432596,2 21,3 23.666667,4 1.643863,5 16.710127,6 2740,7 2115,8 43.742508,9 hh}
{0 219,1 0.442424,2 28,3 17.678571,4 1.559596,5 13.374459,6 2731,7 2121,8 56.949432,9 hh}
{0 240,1 0.502092,2 28,3 17.071429,4 1.516736,5 11.849492,6 2631,7 2021,8 61.1916,9 hh}
{0 238,1 0.480808,2 25,3 19.8,4 1.466667,5 12.445253,6 2651,7 2035,8 62.658,9 hh}
{0 242,1 0.483034,2 30,3 16.7,4 1.473054,5 11.390579,6 2786,7 2127,8 65.264141,9 hh}
{0 220,1 0.474138,2 23,3 20.173913,4 1.55819,5 13.845427,6 2644,7 2001,8 54.535633,9 hh}
{0 237,1 0.478788,2 21,3 23.571429,4 1.719192,5 17.105339,6 2976,7 2367,8 37.466364,9 hh}
{0 241,1 0.493852,2 23,3 21.217391,4 1.772541,5 17.175481,6 3066,7 2437,8 35.342381,9 hh}
{0 271,1 0.545272,2 27,3 18.407407,4 1.756539,5 15.89415,6 3104,7 2439,8 39.548262,9 hh}
{0 216,1 0.459574,2 24,3 19.583333,4 1.855319,5 17.109929,6 2944,7 2346,8 29.997917,9 hh}
{0 244,1 0.494929,2 23,3 21.434783,4 1.711968,5 16.36296,6 2979,7 2352,8 40.246241,9 hh}
{0 222,1 0.455852,2 26,3 18.730769,4 1.689938,5 15.377318,6 2903,7 2265,8 44.854481,9 hh}
{0 240,1 0.479042,2 26,3 19.269231,4 1.646707,5 14.73364,6 2928,7 2307,8 47.965354,9 hh}
{0 246,1 0.482353,2 21,3 24.285714,4 1.678431,5 17.165266,6 3006,7 2407,8 40.189706,9 hh}
{0 253,1 0.511111,2 25,3 19.8,4 1.755556,5 16.728081,6 3061,7 2452,8 38.218,9 hh}
{0 242,1 0.490872,2 24,3 20.541667,4 1.667343,5 15.518898,6 2847,7 2287,8 44.928008,9 hh}
{0 250,1 0.512295,2 20,3 24.4,4 1.739754,5 18.530492,6 2931,7 2337,8 34.885803,9 i}
{0 255,1 0.519348,2 23,3 21.347826,4 1.828921,5 18.396564,6 3044,7 2452,8 30.440276,9 i}
{0 243,1 0.484064,2 22,3 22.818182,4 1.74502,5 17.73285,6 3027,7 2385,8 36.04586,9 i}
{0 231,1 0.464789,2 25,3 19.88,4 1.798793,5 17.368499,6 2995,7 2396,8 34.478933,9 i}
{0 239,1 0.470472,2 24,3 21.166667,4 1.663386,5 15.553281,6 2930,7 2329,8 44.628392,9 i}
{0 230,1 0.468432,2 29,3 16.931034,4 1.588595,5 12.800927,6 2684,7 2117,8 55.254888,9 i}
{0 243,1 0.489919,2 27,3 18.37037,4 1.574597,5 12.993309,6 2755,7 2176,8 54.978187,9 i}
{0 220,1 0.443548,2 30,3 16.533333,4 1.596774,5 13.145591,6 2718,7 2139,8 54.96657,9 i}
{0 254,1 0.522634,2 20,3 24.3,4 1.915638,5 19.761152,6 3215,7 2571,8 20.107537,9 i}
{0 219,1 0.451546,2 20,3 24.25,4 1.936082,5 21.081443,6 3262,7 2653,8 18.428673,9 i}
{0 223,1 0.465553,2 19,3 25.210526,4 2.154489,5 22.359785,6 3567,7 2874,8 -1.023413,9 i}
{0 244,1 0.487026,2 21,3 23.857143,4 1.976048,5 21.119703,6 3280,7 2675,8 15.446347,9 i}
{0 228,1 0.463415,2 21,3 23.428571,4 1.762195,5 16.932404,6 2858,7 2285,8 33.973293,9 i}
{0 206,1 0.41785,2 25,3 19.72,4 1.821501,5 16.082726,6 2964,7 2367,8 32.720214,9 i}
{0 206,1 0.406312,2 16,3 31.6875,4 1.666667,5 19.696696,6 2840,7 2233,8 33.672188,9 j}
{0 237,1 0.478788,2 17,3 29.117647,4 1.747475,5 19.16221,6 3035,7 2440,8 29.444225,9 j}
{0 223,1 0.44511,2 22,3 22.772727,4 1.790419,5 18.051207,6 2997,7 2415,8 32.251221,9 j}
{0 252,1 0.515337,2 16,3 30.5625,4 1.748466,5 21.386554,6 2970,7 2380,8 27.893817,9 j}
{0 247,1 0.505112,2 18,3 27.166667,4 1.693252,5 17.492434,6 2892,7 2274,8 36.011754,9 j}
{0 253,1 0.517382,2 20,3 24.45,4 1.879346,5 20.659346,6 3117,7 2544,8 23.025612,9 j}
{0 207,1 0.417339,2 19,3 26.105263,4 1.814516,5 19.555008,6 3024,7 2441,8 26.830093,9 j}
{0 215,1 0.446058,2 20,3 24.1,4 1.956432,5 20.84332,6 3065,7 2441,8 16.859392,9 j}
{0 236,1 0.476768,2 21,3 23.571429,4 1.761616,5 17.832612,6 3015,7 2426,8 33.877273,9 j}
{0 260,1 0.521042,2 26,3 19.192308,4 1.779559,5 16.013596,6 3008,7 2385,8 36.804106,9 j}
{0 255,1 0.49323,2 24,3 21.541667,4 1.787234,5 18.133108,6 3177,7 2561,8 33.770208,9 j}
{0 228,1 0.454183,2 22,3 22.818182,4 1.820717,5 18.848388,6 3061,7 2438,8 29.641876,9 j}
{0 220,1 0.458333,2 21,3 22.857143,4 1.914583,5 19.47619,6 3013,7 2432,8 21.66125,9 j}
{0 265,1 0.548654,2 27,3 17.888889,4 1.855072,5 16.844997,6 3066,7 2507,8 31.738647,9 j}
{0 263,1 0.526,2 24,3 20.833333,4 1.8,5 17.053333,6 3108,7 2507,8 33.409167,9 j}
{0 248,1 0.510288,2 15,3 32.4,4 1.567901,5 18.474403,6 2834,7 2195,8 41.304556,9 jj}
{0 258,1 0.511905,2 23,3 21.913043,4 1.64881,5 15.035059,6 2906,7 2298,8 45.103975,9 jj}
{0 270,1 0.545455,2 24,3 20.625,4 1.672727,5 15.280303,6 2946,7 2321,8 44.387898,9 jj}
{0 288,1 0.572565,2 27,3 18.62963,4 1.671968,5 14.290818,6 2964,7 2309,8 46.477417,9 jj}
{0 258,1 0.536383,2 29,3 16.586207,4 1.7921,5 15.366291,6 3287,7 2543,8 38.388358,9 jj}
{0 249,1 0.498998,2 20,3 24.95,4 1.727455,5 17.354749,6 2994,7 2378,8 35.368065,9 jj}
{0 242,1 0.483034,2 18,3 27.833333,4 1.680639,5 19.117365,6 2974,7 2361,8 36.402131,9 jj}
{0 259,1 0.563043,2 18,3 25.555556,4 1.704348,5 16.917874,6 2892,7 2257,8 36.708285,9 jj}
{0 273,1 0.540594,2 20,3 25.25,4 1.643564,5 17.228713,6 2932,7 2289,8 42.160705,9 jj}
{0 258,1 0.517034,2 24,3 20.791667,4 1.643287,5 14.729492,6 2963,7 2366,8 46.709414,9 jj}
{0 261,1 0.511765,2 25,3 20.4,4 1.560784,5 13.650196,6 2831,7 2223,8 54.086647,9 jj}
{0 251,1 0.503006,2 21,3 23.761905,4 1.641283,5 15.516786,6 2916,7 2221,8 43.864162,9 jj}
{0 249,1 0.5,2 25,3 19.92,4 1.674699,5 14.393703,6 2940,7 2236,8 44.936682,9 jj}
{0 249,1 0.496016,2 27,3 18.592593,4 1.643426,5 14.608352,6 2954,7 2270,8 48.929654,9 jj}
{0 247,1 0.494,2 26,3 19.230769,4 1.562,5 12.892308,6 2799,7 2144,8 55.170569,9 jj}
{0 285,1 0.584016,2 15,3 32.533333,4 1.784836,5 21.128087,6 3070,7 2431,8 22.816536,9 l}
{0 284,1 0.618736,2 18,3 25.5,4 1.949891,5 21.703268,6 3043,7 2458,8 15.991716,9 l}
{0 302,1 0.62268,2 15,3 32.333333,4 1.874227,5 22.665292,6 3168,7 2528,8 15.457079,9 l}
{0 289,1 0.612288,2 18,3 26.222222,4 1.904661,5 21.336347,6 3131,7 2524,8 19.085122,9 l}
{0 279,1 0.580042,2 19,3 25.315789,4 1.66736,5 16.695962,6 2814,7 2244,8 40.080846,9 l}
{0 299,1 0.613963,2 23,3 21.173913,4 1.833676,5 17.997286,6 3141,7 2568,8 30.214525,9 l}
{0 271,1 0.56341,2 31,3 15.516129,4 1.694387,5 13.940339,6 2911,7 2276,8 47.741015,9 l}
{0 259,1 0.525355,2 26,3 18.961538,4 1.610548,5 13.101857,6 2918,7 2270,8 51.336706,9 l}
{0 291,1 0.612632,2 20,3 23.75,4 1.698947,5 16.405263,6 2924,7 2307,8 38.997803,9 l}
{0 282,1 0.579055,2 18,3 27.055556,4 1.691992,5 18.37869,6 2933,7 2320,8 36.231106,9 l}
{0 290,1 0.606695,2 17,3 28.117647,4 1.73431,5 19.61526,6 2871,7 2288,8 31.572994,9 l}
{0 282,1 0.574338,2 18,3 27.277778,4 1.647658,5 17.591356,6 2883,7 2249,8 39.756202,9 l}
{0 285,1 0.603814,2 19,3 24.842105,4 1.794492,5 18.157181,6 3041,7 2351,8 29.80628,9 l}
{0 272,1 0.570231,2 13,3 36.692308,4 1.716981,5 21.888663,6 2907,7 2294,8 24.335704,9 l}
{0 267,1 0.557411,2 19,3 25.210526,4 1.837161,5 19.186507,6 3112,7 2492,8 25.822516,9 ll}
{0 268,1 0.54918,2 19,3 25.684211,4 1.760246,5 18.962209,6 3007,7 2402,8 31.848723,9 ll}
{0 250,1 0.507099,2 19,3 25.947368,4 1.758621,5 18.411402,6 2948,7 2384,8 31.719111,9 ll}
{0 256,1 0.520325,2 22,3 22.363636,4 1.664634,5 16.099926,6 2901,7 2303,8 43.30786,9 ll}
{0 273,1 0.562887,2 23,3 21.086957,4 1.65567,5 15.445092,6 2839,7 2243,8 45.362048,9 ll}
{0 264,1 0.5629,2 22,3 21.318182,4 1.601279,5 13.815119,6 2782,7 2144,8 49.728815,9 ll}
{0 270,1 0.554415,2 28,3 17.392857,4 1.681725,5 13.692256,6 2904,7 2274,8 46.907328,9 ll}
{0 274,1 0.551308,2 24,3 20.708333,4 1.587525,5 14.078102,6 2873,7 2206,8 51.511414,9 ll}
{0 250,1 0.504032,2 23,3 21.565217,4 1.647177,5 15.158345,6 2940,7 2326,8 45.595095,9 ll}
{0 254,1 0.517312,2 26,3 18.884615,4 1.716904,5 15.211687,6 3048,7 2416,8 42.417014,9 ll}
{0 272,1 0.552846,2 25,3 19.68,4 1.660569,5 14.294764,6 2911,7 2271,8 46.375654,9 ll}
{0 302,1 0.611336,2 18,3 27.444444,4 1.680162,5 18.022312,6 2914,7 2296,8 36.837188,9 ll}
{0 232,1 0.459406,2 25,3 20.2,4 1.720792,5 16.08,6 2995,7 2417,8 40.75299,9 ll}
{0 282,1 0.567404,2 20,3 24.85,4 1.895372,5 20.241811,6 3206,7 2629,8 21.263759,9 m}
{0 254,1 0.520492,2 22,3 22.181818,4 2.02459,5 21.659613,6 3345,7 2723,8 13.040127,9 m}
{0 250,1 0.501002,2 20,3 24.95,4 1.783567,5 19.679399,6 3098,7 2465,8 30.62097,9 m}
{0 238,1 0.47505,2 20,3 25.05,4 1.832335,5 20.798443,6 3155,7 2547,8 26.393681,9 m}
{0 250,1 0.523013,2 16,3 29.875,4 1.83682,5 21.740795,6 2981,7 2383,8 21.116896,9 m}
{0 266,1 0.541752,2 19,3 25.842105,4 1.953157,5 21.742137,6 3238,7 2662,8 15.368196,9 m}
{0 258,1 0.512922,2 21,3 23.952381,4 1.829026,5 17.930853,6 3188,7 2537,8 27.787747,9 m}
{0 280,1 0.571429,2 32,3 15.3125,4 1.879592,5 14.451531,6 3197,7 2603,8 32.279343,9 m}
{0 274,1 0.563786,2 27,3 18,4 1.8107,5 15.595062,6 3032,7 2413,8 35.379815,9 m}
{0 275,1 0.565844,2 25,3 19.44,4 1.971193,5 19.134025,6 3296,7 2706,8 20.340437,9 m}
{0 269,1 0.550102,2 18,3 27.166667,4 1.805726,5 19.373824,6 3064,7 2487,8 26.496416,9 m}
{0 256,1 0.547009,2 21,3 22.285714,4 1.758547,5 16.777534,6 2834,7 2304,8 35.441923,9 m}
{0 249,1 0.51875,2 20,3 24,4 1.7,5 16.35,6 2821,7 2286,8 38.655,9 m}
{0 247,1 0.512448,2 17,3 28.352941,4 1.892116,5 21.963583,6 3062,7 2515,8 17.983736,9 m}
{0 234,1 0.464286,2 23,3 21.913043,4 1.676587,5 15.828709,6 2957,7 2348,8 42.753975,9 n}
{0 250,1 0.514403,2 20,3 24.3,4 1.72428,5 17.868148,6 2958,7 2330,8 36.296426,9 n}
{0 241,1 0.483936,2 20,3 24.9,4 1.710843,5 17.590522,6 3020,7 2407,8 36.824151,9 n}
{0 281,1 0.55754,2 23,3 21.913043,4 1.777778,5 17.336646,6 3100,7 2463,8 34.193261,9 n}
{0 267,1 0.536145,2 21,3 23.714286,4 1.835341,5 18.240734,6 3119,7 2509,8 27.49512,9 n}
{0 264,1 0.545455,2 19,3 25.473684,4 1.826446,5 18.70187,6 3098,7 2495,8 26.461855,9 n}
{0 256,1 0.552916,2 18,3 25.722222,4 1.794816,5 19.532949,6 3011,7 2354,8 28.885476,9 n}
{0 259,1 0.545263,2 23,3 20.652174,4 1.791579,5 17.271396,6 3025,7 2378,8 34.305465,9 n}
{0 250,1 0.519751,2 18,3 26.722222,4 1.810811,5 19.088057,6 3096,7 2475,8 26.51735,9 n}
{0 257,1 0.536534,2 20,3 23.95,4 1.912317,5 20.185428,6 3173,7 2541,8 20.743704,9 n}
{0 261,1 0.531568,2 21,3 23.380952,4 1.771894,5 17.417554,6 3024,7 2445,8 33.201093,9 n}
{0 284,1 0.596639,2 21,3 22.666667,4 1.796218,5 17.301961,6 3033,7 2468,8 31.868249,9 n}
{0 232,1 0.491525,2 19,3 24.842105,4 1.677966,5 16.801249,6 2869,7 2288,8 39.664331,9 n}
{0 241,1 0.482966,2 23,3 21.695652,4 2.032064,5 21.423752,6 3307,7 2723,8 12.901288,9 qq}
{0 230,1 0.465587,2 20,3 24.7,4 2.044534,5 23.726154,6 3355,7 2771,8 8.796889,9 qq}
{0 274,1 0.548,2 23,3 21.73913,4 1.946,5 20.375652,6 3267,7 2663,8 20.138183,9 qq}
{0 249,1 0.511294,2 25,3 19.48,4 1.909651,5 18.141076,6 3187,7 2588,8 25.506332,9 qq}
{0 258,1 0.527607,2 23,3 21.26087,4 1.869121,5 18.0749,6 3047,7 2427,8 27.12761,9 qq}
{0 245,1 0.521277,2 18,3 26.111111,4 1.893617,5 21.167849,6 3012,7 2445,8 20.132222,9 qq}
{0 276,1 0.559838,2 18,3 27.388889,4 1.874239,5 20.36732,6 3136,7 2511,8 20.474629,9 qq}
{0 270,1 0.546559,2 19,3 26,4 1.955466,5 22.464777,6 3262,7 2656,8 15.012611,9 qq}
{0 265,1 0.540816,2 18,3 27.222222,4 1.828571,5 21.256236,6 3089,7 2464,8 24.507302,9 qq}
{0 256,1 0.520325,2 19,3 25.894737,4 1.900407,5 21.008301,6 3188,7 2597,8 19.777452,9 qq}
{0 250,1 0.497018,2 19,3 26.473684,4 1.755467,5 19.496034,6 3081,7 2488,8 31.451686,9 qq}
{0 281,1 0.578189,2 21,3 23.142857,4 1.860082,5 19.627513,6 3097,7 2502,8 25.982037,9 qq}
{0 271,1 0.530333,2 18,3 28.388889,4 1.949119,5 21.609959,6 3280,7 2659,8 13.124779,9 qq}
{0 258,1 0.51497,2 16,3 31.3125,4 1.974052,5 23.622804,6 3288,7 2699,8 8.048022,9 qq}
{0 260,1 0.527383,2 17,3 29,4 2.141988,5 24.419473,6 3481,7 2878,8 -3.81217,9 qq}
{0 260,1 0.531697,2 18,3 27.166667,4 1.97546,5 22.482209,6 3262,7 2672,8 12.136907,9 qq}
{0 262,1 0.522954,2 16,3 31.3125,4 1.898204,5 23.542964,6 3198,7 2613,8 14.464789,9 qq}
{0 269,1 0.530572,2 20,3 25.35,4 1.944773,5 21.027574,6 3337,7 2717,8 16.576939,9 qq}
{0 258,1 0.525458,2 17,3 28.882353,4 1.89002,5 21.736241,6 3118,7 2519,8 17.623689,9 qq}
{0 249,1 0.50303,2 21,3 23.571429,4 1.919192,5 20.01443,6 3180,7 2595,8 20.546364,9 qq}
{0 267,1 0.555094,2 19,3 25.315789,4 1.756757,5 18.525484,6 2948,7 2343,8 32.517852,9 qq}
{0 285,1 0.571142,2 19,3 26.263158,4 1.769539,5 19.162578,6 3099,7 2468,8 30.474889,9 qq}
{0 267,1 0.529762,2 17,3 29.647059,4 1.80754,5 20.906443,6 3133,7 2549,8 23.825378,9 qq}
{0 250,1 0.498008,2 31,3 16.193548,4 1.49004,5 10.700527,6 2769,7 2171,8 64.341178,9 r}
{0 230,1 0.470348,2 36,3 13.583333,4 1.355828,5 8.05092,6 2488,7 1916,8 78.344849,9 r}
{0 241,1 0.484909,2 34,3 14.617647,4 1.39839,5 8.824926,6 2652,7 2064,8 73.694265,9 r}
{0 280,1 0.576132,2 34,3 14.294118,4 1.479424,5 9.009828,6 2838,7 2119,8 67.167211,9 r}
{0 280,1 0.583333,2 35,3 13.714286,4 1.5125,5 9.319048,6 2829,7 2122,8 64.9575,9 r}
{0 242,1 0.512712,2 30,3 15.733333,4 1.413136,5 9.089944,6 2648,7 1997,8 71.314395,9 r}
{0 215,1 0.444215,2 24,3 20.166667,4 1.582645,5 13.190634,6 2632,7 2044,8 52.474098,9 r}
{0 227,1 0.474895,2 24,3 19.916667,4 1.554393,5 12.820223,6 2528,7 1933,8 55.11791,9 r}
{0 251,1 0.499006,2 28,3 17.964286,4 1.379722,5 10.525675,6 2622,7 1999,8 71.876797,9 r}
{0 253,1 0.517382,2 31,3 15.774194,4 1.423313,5 9.499861,6 2568,7 1975,8 70.411924,9 r}
{0 258,1 0.525458,2 36,3 13.638889,4 1.419552,5 8.714211,6 2662,7 2024,8 72.897434,9 r}
{0 238,1 0.485714,2 26,3 18.846154,4 1.418367,5 10.55887,6 2691,7 2073,8 67.712276,9 r}
{0 250,1 0.505051,2 35,3 14.142857,4 1.428283,5 8.647042,6 2723,7 2063,8 71.647273,9 r}
{0 239,1 0.478958,2 41,3 12.170732,4 1.42485,5 7.593744,6 2722,7 2025,8 73.939423,9 r}
{0 230,1 0.465587,2 24,3 20.583333,4 1.659919,5 15.601754,6 2886,7 2302,8 45.513767,9 s}
{0 266,1 0.538462,2 23,3 21.478261,4 1.769231,5 16.68847,6 3020,7 2428,8 35.357642,9 s}
{0 256,1 0.514056,2 26,3 19.153846,4 1.546185,5 13.284028,6 2741,7 2149,8 56.586617,9 s}
{0 272,1 0.53125,2 27,3 18.962963,4 1.658203,5 15.00706,6 2934,7 2312,8 47.303608,9 s}
{0 244,1 0.484127,2 23,3 21.913043,4 1.748016,5 17.336646,6 2957,7 2360,8 36.711118,9 s}
{0 248,1 0.513458,2 19,3 25.421053,4 1.732919,5 18.864073,6 2868,7 2272,8 34.427663,9 s}
{0 245,1 0.483235,2 27,3 18.777778,4 1.7357,5 15.400657,6 2999,7 2409,8 40.935319,9 s}
{0 257,1 0.530992,2 30,3 16.133333,4 1.652893,5 12.81697,6 2854,7 2258,8 50.624956,9 s}
{0 247,1 0.493014,2 27,3 18.555556,4 1.856287,5 17.242582,6 3102,7 2530,8 30.959195,9 s}
{0 283,1 0.576375,2 24,3 20.458333,4 1.714868,5 15.433842,6 2920,7 2336,8 40.991991,9 s}
{0 262,1 0.527163,2 30,3 16.566667,4 1.841046,5 15.721234,6 3077,7 2468,8 34.267318,9 s}
{0 242,1 0.495902,2 23,3 21.217391,4 1.827869,5 17.667284,6 3036,7 2451,8 30.661643,9 s}
{0 250,1 0.501002,2 30,3 16.633333,4 1.633267,5 12.985999,6 2895,7 2301,8 51.777818,9 s}
{0 269,1 0.520309,2 26,3 19.884615,4 1.649903,5 14.684987,6 3038,7 2413,8 47.070297,9 s}
{0 233,1 0.496802,2 21,3 22.333333,4 1.722814,5 17.462118,6 2866,7 2210,8 38.41656,9 ss}
{0 263,1 0.544513,2 36,3 13.416667,4 1.774327,5 14.310766,6 3080,7 2375,8 43.109009,9 ss}
{0 251,1 0.506048,2 25,3 19.84,4 1.77621,5 17.290839,6 3134,7 2477,8 36.430061,9 ss}
{0 249,1 0.514463,2 30,3 16.133333,4 1.743802,5 15.131019,6 3089,7 2425,8 42.934047,9 ss}
{0 258,1 0.520161,2 36,3 13.777778,4 1.71371,5 13.817563,6 3076,7 2349,8 47.870717,9 ss}
{0 235,1 0.490605,2 33,3 14.515152,4 1.691023,5 13.154704,6 2930,7 2294,8 49.041578,9 ss}
{0 246,1 0.475822,2 10,3 51.7,4 2.003868,5 33.05911,6 3556,7 2883,8 -15.167773,9 ss}
{0 205,1 0.406746,2 7,3 72,4 1.934524,5 40.546032,6 3305,7 2690,8 -29.905714,9 ss}
{0 221,1 0.447368,2 11,3 44.909091,4 1.8583,5 28.570924,6 3111,7 2520,8 4.040127,9 ss}
{0 228,1 0.488223,2 15,3 31.133333,4 1.762313,5 21.18995,6 2839,7 2261,8 26.143018,9 ss}
{0 260,1 0.531697,2 12,3 40.75,4 1.832311,5 25.543354,6 3192,7 2547,8 10.460253,9 ss}
{0 272,1 0.525097,2 14,3 37,4 1.843629,5 24.91583,6 3305,7 2691,8 13.308958,9 ss}
{0 225,1 0.467775,2 13,3 37,4 1.89605,5 25.444491,6 3068,7 2529,8 8.874179,9 ss}
{0 267,1 0.544898,2 9,3 54.444444,4 2.065306,5 35.328798,6 3409,7 2813,8 -23.151009,9 ss}
{0 251,1 0.489279,2 9,3 57,4 2,5 34.963743,6 3432,7 2798,8 -20.22,9 ss}
{0 241,1 0.489837,2 26,3 18.923077,4 1.502033,5 11.552971,6 2768,7 2108,8 60.556126,9 tt}
{0 255,1 0.518293,2 27,3 18.222222,4 1.512195,5 11.841734,6 2727,7 2122,8 60.407737,9 tt}
{0 250,1 0.506073,2 25,3 19.76,4 1.700405,5 14.786591,6 3002,7 2403,8 42.924349,9 tt}
{0 229,1 0.467347,2 28,3 17.5,4 1.716327,5 14.346939,6 2949,7 2375,8 43.871276,9 tt}
{0 245,1 0.489022,2 24,3 20.875,4 1.560878,5 14.258184,6 2756,7 2192,8 53.596576,9 tt}
{0 254,1 0.511066,2 27,3 18.407407,4 1.565392,5 12.513868,6 2783,7 2215,8 55.719288,9 tt}
{0 228,1 0.468172,2 26,3 18.730769,4 1.566735,5 12.091897,6 2749,7 2204,8 55.277479,9 tt}
{0 210,1 0.432099,2 30,3 16.2,4 1.522634,5 10.101399,6 2708,7 2142,8 61.577185,9 tt}
{0 229,1 0.458,2 26,3 19.230769,4 1.65,5 14.252308,6 2816,7 2271,8 47.725769,9 tt}
{0 236,1 0.482618,2 30,3 16.3,4 1.709611,5 12.245971,6 2874,7 2304,8 45.657371,9 tt}
{0 208,1 0.419355,2 32,3 15.5,4 1.606855,5 10.877419,6 2819,7 2253,8 55.162581,9 tt}
{0 224,1 0.459016,2 32,3 15.25,4 1.631148,5 11.67377,6 2821,7 2257,8 53.361168,9 tt}
{0 219,1 0.439759,2 28,3 17.785714,4 1.594378,5 12.736776,6 2782,7 2226,8 53.898163,9 tt}
{0 245,1 0.49,2 25,3 20,4 1.752,5 15.44,6 2969,7 2380,8 38.3158,9 tt}
{0 228,1 0.464358,2 26,3 18.884615,4 1.596741,5 12.523296,6 2811,7 2193,8 52.582798,9 tt}
{0 231,1 0.474333,2 26,3 18.730769,4 1.62423,5 13.241794,6 4637,7 2148,8 50.413413,9 tt}
{0 236,1 0.480652,2 16,3 30.6875,4 1.822811,5 21.643635,6 3023,7 2406,8 21.477412,9 uu}
{0 238,1 0.494802,2 13,3 37,4 1.767152,5 23.864449,6 2919,7 2356,8 19.77896,9 uu}
{0 259,1 0.521127,2 16,3 31.0625,4 1.694165,5 19.185563,6 2902,7 2314,8 31.980204,9 uu}
{0 244,1 0.494929,2 12,3 41.083333,4 1.667343,5 22.761934,6 2882,7 2300,8 24.078216,9 uu}
{0 253,1 0.509054,2 18,3 27.611111,4 1.738431,5 18.69032,6 2962,7 2362,8 31.738495,9 uu}
{0 244,1 0.484127,2 16,3 31.5,4 1.787698,5 21.965079,6 3080,7 2485,8 23.623214,9 uu}
{0 234,1 0.474645,2 18,3 27.388889,4 1.6714,5 17.527564,6 2918,7 2342,8 37.634872,9 uu}
{0 242,1 0.482072,2 15,3 33.466667,4 1.641434,5 20.318938,6 2976,7 2355,8 34.000995,9 uu}
{0 241,1 0.475345,2 19,3 26.684211,4 1.627219,5 17.143112,6 2948,7 2324,8 42.087804,9 uu}
{0 242,1 0.486922,2 14,3 35.5,4 1.706237,5 21.845875,6 3025,7 2390,8 26.454814,9 uu}
{0 228,1 0.471074,2 17,3 28.470588,4 1.621901,5 17.256004,6 2809,7 2186,8 40.724543,9 uu}
{0 239,1 0.494824,2 19,3 25.421053,4 1.668737,5 17.042127,6 2880,7 2299,8 39.857476,9 uu}
{0 234,1 0.484472,2 21,3 23,4 1.819876,5 19.386335,6 3064,7 2490,8 29.528509,9 uu}
{0 248,1 0.49501,2 20,3 25.05,4 1.682635,5 17.045948,6 2965,7 2383,8 39.058352,9 uu}
{0 258,1 0.509881,2 20,3 25.3,4 1.741107,5 18.736601,6 3073,7 2501,8 33.857872,9 uu}
{0 252,1 0.508065,2 21,3 23.619048,4 1.6875,5 16.463748,6 2996,7 2415,8 40.099167,9 uu}
{0 232,1 0.462151,2 21,3 23.904762,4 1.737052,5 17.37067,6 3001,7 2392,8 35.617085,9 uu}
{0 235,1 0.484536,2 18,3 26.944444,4 1.773196,5 18.942726,6 2887,7 2282,8 29.474018,9 uu}
{0 260,1 0.525253,2 24,3 20.625,4 1.60404,5 14.310606,6 2928,7 2321,8 50.198807,9 ww}
{0 249,1 0.502016,2 28,3 17.714286,4 1.554435,5 11.601843,6 2871,7 2250,8 57.349758,9 ww}
{0 247,1 0.509278,2 25,3 19.4,4 1.546392,5 12.625979,6 2768,7 2176,8 56.319258,9 ww}
{0 246,1 0.5125,2 24,3 20,4 1.635417,5 14.166667,6 2815,7 2236,8 48.17875,9 ww}
{0 204,1 0.409639,2 25,3 19.92,4 1.819277,5 17.526233,6 3032,7 2426,8 32.705357,9 ww}
{0 228,1 0.469136,2 30,3 16.2,4 1.757202,5 14.29893,6 2984,7 2402,8 41.732741,9 ww}
{0 251,1 0.508097,2 32,3 15.4375,4 1.740891,5 13.705364,6 2962,7 2361,8 43.886585,9 ww}
{0 244,1 0.480315,2 30,3 16.933333,4 1.677165,5 13.544987,6 3056,7 2447,8 47.759478,9 ww}
{0 214,1 0.447699,2 32,3 14.9375,4 1.648536,5 10.744874,6 2756,7 2145,8 52.207329,9 ww}
{0 260,1 0.534979,2 28,3 17.357143,4 1.853909,5 17.313228,6 3046,7 2463,8 32.376759,9 ww}
{0 253,1 0.50099,2 25,3 20.2,4 1.867327,5 18.535446,6 3144,7 2563,8 28.356158,9 ww}
{0 247,1 0.488142,2 27,3 18.740741,4 1.966403,5 20.223569,6 3268,7 2680,8 21.455441,9 ww}
{0 226,1 0.45935,2 30,3 16.4,4 1.823171,5 15.58439,6 3160,7 2523,8 35.948756,9 ww}
{0 225,1 0.461066,2 27,3 18.074074,4 1.766393,5 15.508318,6 3007,7 2387,8 39.05293,9 ww}
{0 251,1 0.514344,2 25,3 19.52,4 1.846311,5 18.217836,6 3074,7 2493,8 30.824249,9 ww}
{0 247,1 0.505112,2 18,3 27.166667,4 1.936605,5 21.582413,6 3213,7 2521,8 15.424024,9 x}
{0 263,1 0.530242,2 15,3 33.066667,4 1.828629,5 22.097634,6 3112,7 2449,8 18.570317,9 x}
{0 256,1 0.515091,2 25,3 19.88,4 1.774648,5 16.402704,6 3022,7 2355,8 36.521589,9 x}
{0 243,1 0.488934,2 32,3 15.53125,4 1.716298,5 13.938858,6 2965,7 2345,8 45.871988,9 x}
{0 250,1 0.513347,2 25,3 19.48,4 1.728953,5 14.527113,6 2970,7 2352,8 40.793395,9 x}
{0 274,1 0.540434,2 24,3 21.125,4 1.759369,5 16.812919,6 3039,7 2406,8 36.550521,9 x}
{0 274,1 0.551308,2 25,3 19.88,4 1.698189,5 15.919807,6 2945,7 2332,8 42.989999,9 x}
{0 261,1 0.524096,2 31,3 16.064516,4 1.660643,5 12.449903,6 2976,7 2330,8 50.039155,9 x}
{0 273,1 0.547094,2 26,3 19.192308,4 1.719439,5 14.731031,6 2988,7 2348,8 41.890279,9 x}

Calculating InfoGain on the training set's features
===================================================
Features InfoGain score (non-zero only):
----------------------------------------
> Flesch-Reading-Ease-Score{-}       0.628444
> Sentence-Count{-}                  0.543245
> Gunning-Fog-Readability-Index{-}   0.459531
> Average-Sentence-Length{-}         0.435881
> Average-Syllables-in-Word{-}       0.419635
> Character-Space{-}                 0.383838
> Letter-Space{-}                    0.378097

Feature-type breakdown:
-----------------------
> Letter-Space                    0.378097 (11.64%)
> Sentence-Count                  0.543245 (16.72%)
> Unique-Words-Count              0.000000 (0.00%)
> Complexity                      0.000000 (0.00%)
> Average-Syllables-in-Word       0.419635 (12.92%)
> Gunning-Fog-Readability-Index   0.459531 (14.15%)
> Average-Sentence-Length         0.435881 (13.42%)
> Flesch-Reading-Ease-Score       0.628444 (19.34%)
> Character-Space                 0.383838 (11.82%)

done!

2013-03-22, 16:43:59 Starting 10-folds cross-validation on training corpus phase...

================================================================================

Running analysis with classifier 1 out of 1:
> Classifier: weka.classifiers.functions.SMO
> Options:    -C 1.0 -L 0.0010 -P 1.0E-12 -N 0 -V -1 -W 1 -K weka.classifiers.functions.supportVector.PolyKernel -C 250007 -E 1.0 

2013-03-22, 16:43:59 Starting cross validation...
2013-03-22, 16:44:55 done!

=== Summary ===

Correctly Classified Instances          97               25.2604 %
Incorrectly Classified Instances       287               74.7396 %
Kappa statistic                          0.2152
Mean absolute error                      0.0749
Root mean squared error                  0.1925
Relative absolute error                 97.65   %
Root relative squared error             98.2962 %
Total Number of Instances              384     

=== Detailed Accuracy By Class ===

               TP Rate   FP Rate   Precision   Recall  F-Measure   ROC Area  Class
                 0         0.005      0         0         0          0.641    aa
                 0.176     0.063      0.115     0.176     0.14       0.739    b
                 0.474     0.101      0.196     0.474     0.277      0.857    bb
                 0.611     0.085      0.262     0.611     0.367      0.906    cc
                 0         0          0         0         0          0.74     d
                 0.5       0.038      0.333     0.5       0.4        0.92     dd
                 0.118     0.005      0.5       0.118     0.19       0.872    f
                 0         0          0         0         0          0.776    g
                 0         0.005      0         0         0          0.769    gg
                 0.45      0.129      0.161     0.45      0.237      0.791    hh
                 0         0.005      0         0         0          0.732    i
                 0.067     0.022      0.111     0.067     0.083      0.781    j
                 0.133     0.033      0.143     0.133     0.138      0.812    jj
                 0.286     0.019      0.364     0.286     0.32       0.899    l
                 0         0          0         0         0          0.688    ll
                 0         0          0         0         0          0.778    m
                 0         0          0         0         0          0.585    n
                 0.826     0.119      0.306     0.826     0.447      0.904    qq
                 0.714     0.022      0.556     0.714     0.625      0.976    r
                 0         0.005      0         0         0          0.712    s
                 0.067     0          1         0.067     0.125      0.714    ss
                 0         0.003      0         0         0          0.865    tt
                 0.889     0.115      0.276     0.889     0.421      0.929    uu
                 0.2       0.011      0.429     0.2       0.273      0.802    ww
                 0         0          0         0         0          0.353    x
Weighted Avg.    0.253     0.038      0.2       0.253     0.178      0.796

=== Confusion Matrix ===

  a  b  c  d  e  f  g  h  i  j  k  l  m  n  o  p  q  r  s  t  u  v  w  x  y   <-- classified as
  0  4  3  1  0  2  0  0  0  0  0  1  1  0  0  0  0  0  0  1  0  0  1  0  0 |  a = aa
  0  3  0  3  0  3  0  0  0  2  0  1  1  0  0  0  0  3  0  0  0  0  1  0  0 |  b = b
  1  0  9  0  0  0  0  0  0  8  0  0  1  0  0  0  0  0  0  0  0  0  0  0  0 |  c = bb
  0  0  0 11  0  0  1  0  0  0  0  0  0  1  0  0  0  3  0  0  0  0  2  0  0 |  d = cc
  0  2  0  3  0  1  0  0  0  0  0  1  1  1  0  0  0  3  0  0  0  0  1  0  0 |  e = d
  0  0  2  0  0  7  0  0  1  1  0  0  1  2  0  0  0  0  0  0  0  0  0  0  0 |  f = dd
  0  0  0  9  0  0  2  0  0  0  0  0  0  0  0  0  0  4  0  0  0  0  2  0  0 |  g = f
  0  0  2  1  0  0  0  0  0  4  0  0  1  0  0  0  0  0  5  0  0  0  3  0  0 |  h = g
  0  0  2  2  0  1  0  0  0  4  0  1  0  0  0  0  0  0  0  0  0  0  4  0  0 |  i = gg
  0  2  2  0  0  0  0  0  0  9  1  0  0  0  0  0  0  0  3  0  0  0  3  0  0 |  j = hh
  0  0  0  0  0  0  0  0  0  5  0  2  0  0  0  0  0  5  0  0  0  0  2  0  0 |  k = i
  0  2  0  0  0  0  0  0  1  0  1  1  0  0  0  0  0  3  0  0  0  0  7  0  0 |  l = j
  0  1  4  0  0  1  0  0  0  3  0  0  2  1  0  0  0  0  0  0  0  0  3  0  0 |  m = jj
  0  0  2  5  0  3  0  0  0  0  0  0  0  4  0  0  0  0  0  0  0  0  0  0  0 |  n = l
  0  1  4  1  0  2  0  0  0  2  0  0  0  1  0  0  0  1  0  0  0  0  1  0  0 |  o = ll
  1  0  0  1  0  0  1  0  0  0  0  0  1  0  0  0  0  7  0  0  0  0  3  0  0 |  p = m
  0  2  0  1  0  0  0  0  0  1  0  0  2  1  0  0  0  4  0  0  0  0  2  0  0 |  q = n
  0  0  0  3  0  0  0  0  0  0  0  0  0  0  0  0  0 19  0  0  0  0  1  0  0 |  r = qq
  0  0  3  0  0  0  0  0  0  1  0  0  0  0  0  0  0  0 10  0  0  0  0  0  0 |  s = r
  0  2  3  0  0  1  0  0  0  2  0  1  1  0  0  0  0  0  0  0  0  0  2  2  0 |  t = s
  0  3  1  1  0  0  0  0  0  1  0  0  0  0  0  0  0  4  0  0  1  0  4  0  0 |  u = ss
  0  1  3  0  0  0  0  0  0 10  0  0  1  0  0  0  0  0  0  0  0  0  0  1  0 |  v = tt
  0  1  0  0  0  0  0  0  0  0  0  0  0  0  0  0  0  1  0  0  0  0 16  0  0 |  w = uu
  0  1  3  0  0  0  0  0  0  3  0  1  0  0  0  0  0  3  0  0  0  1  0  3  0 |  x = ww
  0  1  3  0  0  0  0  0  0  0  0  0  1  0  0  0  0  2  0  1  0  0  0  1  0 |  y = x

