============================ JStylo Analysis Output ============================
Started analysis on 2013-03-22, 17:43:15
Running 10-folds cross validation on training corpus

Training corpus:
> h (18 documents)
> hh (20 documents)
> j (15 documents)
> r (14 documents)
> t (13 documents)

Feature set: 9 feature-set:
> Unique Words Count
> Complexity
> Sentence Count
> Average Sentence Length
> Average Syllables in Word
> Gunning-Fog Readability Index
> Character Space
> Letter Space
> Flesch Reading Ease Score

Classifiers used:
> weka.classifiers.functions.SMO                    	-C 1.0 -L 0.0010 -P 1.0E-12 -N 0 -V -1 -W 1 -K weka.classifiers.functions.supportVector.PolyKernel -C 250007 -E 1.0 

================================================================================

2013-03-22, 17:43:15 Extracting features from training corpus (using sparse representation)...
2013-03-22, 17:43:17 done!

Training corpus features (ARFF):
================================
@relation JStylo

@attribute 'Unique-Words-Count{-}' numeric
@attribute 'Complexity{-}' numeric
@attribute 'Sentence-Count{-}' numeric
@attribute 'Average-Sentence-Length{-}' numeric
@attribute 'Average-Syllables-in-Word{-}' numeric
@attribute 'Gunning-Fog-Readability-Index{-}' numeric
@attribute 'Character-Space{-}' numeric
@attribute 'Letter-Space{-}' numeric
@attribute 'Flesch-Reading-Ease-Score{-}' numeric
@attribute authorName {h,hh,j,r,t}

@data
{0 254,1 0.513131,2 24,3 20.625,4 1.840404,5 16.977273,6 3169,7 2572,8 30.202443}
{0 264,1 0.532258,2 21,3 23.619048,4 1.97379,5 21.302458,6 3352,7 2761,8 15.879005}
{0 217,1 0.460722,2 27,3 17.444444,4 1.963907,5 18.782449,6 3039,7 2456,8 22.982392}
{0 240,1 0.48583,2 20,3 24.7,4 1.917004,5 20.244372,6 3193,7 2591,8 19.585957}
{0 222,1 0.439604,2 20,3 25.25,4 1.809901,5 18.020792,6 3086,7 2507,8 28.088626}
{0 253,1 0.515275,2 19,3 25.842105,4 1.863544,5 20.438675,6 3125,7 2548,8 22.949459}
{0 225,1 0.453629,2 19,3 26.105263,4 1.762097,5 18.506621,6 2984,7 2404,8 31.264771}
{0 259,1 0.524291,2 23,3 21.478261,4 1.923077,5 19.198592,6 3199,7 2615,8 22.342258}
{0 256,1 0.510978,2 22,3 22.772727,4 1.912176,5 19.727853,6 3223,7 2562,8 21.950622}
{0 248,1 0.505092,2 25,3 19.64,4 2.081466,5 21.460888,6 3390,7 2749,8 10.808343}
{0 259,1 0.519038,2 19,3 26.263158,4 1.861723,5 20.284822,6 3249,7 2642,8 22.676091}
{0 251,1 0.510163,2 24,3 20.5,4 1.737805,5 15.110569,6 3032,7 2355,8 39.009207}
{0 263,1 0.516699,2 22,3 23.136364,4 1.80943,5 18.52763,6 3258,7 2606,8 30.273791}
{0 244,1 0.495935,2 20,3 24.6,4 1.825203,5 19.84,6 3054,7 2469,8 27.453805}
{0 235,1 0.47,2 23,3 21.73913,4 1.796,5 17.815652,6 3046,7 2470,8 32.828183}
{0 249,1 0.492095,2 19,3 26.631579,4 1.824111,5 19.269232,6 3200,7 2584,8 25.484185}
{0 246,1 0.495968,2 27,3 18.37037,4 1.895161,5 17.348148,6 3258,7 2653,8 27.858429}
{0 261,1 0.509766,2 23,3 22.26087,4 1.8125,5 17.732473,6 3251,7 2645,8 30.902717}
{0 229,1 0.472165,2 20,3 24.25,4 1.558763,5 15.308247,6 2696,7 2104,8 50.34991,9 hh}
{0 215,1 0.433468,2 32,3 15.5,4 1.461694,5 10.151613,6 2668,7 2018,8 67.443226,9 hh}
{0 240,1 0.47619,2 32,3 15.75,4 1.458333,5 10.268254,6 2723,7 2097,8 67.47375,9 hh}
{0 221,1 0.441118,2 31,3 16.16129,4 1.433134,5 10.217011,6 2612,7 1989,8 69.188177,9 hh}
{0 215,1 0.432596,2 21,3 23.666667,4 1.643863,5 16.710127,6 2740,7 2115,8 43.742508,9 hh}
{0 219,1 0.442424,2 28,3 17.678571,4 1.559596,5 13.374459,6 2731,7 2121,8 56.949432,9 hh}
{0 240,1 0.502092,2 28,3 17.071429,4 1.516736,5 11.849492,6 2631,7 2021,8 61.1916,9 hh}
{0 238,1 0.480808,2 25,3 19.8,4 1.466667,5 12.445253,6 2651,7 2035,8 62.658,9 hh}
{0 242,1 0.483034,2 30,3 16.7,4 1.473054,5 11.390579,6 2786,7 2127,8 65.264141,9 hh}
{0 220,1 0.474138,2 23,3 20.173913,4 1.55819,5 13.845427,6 2644,7 2001,8 54.535633,9 hh}
{0 237,1 0.478788,2 21,3 23.571429,4 1.719192,5 17.105339,6 2976,7 2367,8 37.466364,9 hh}
{0 241,1 0.493852,2 23,3 21.217391,4 1.772541,5 17.175481,6 3066,7 2437,8 35.342381,9 hh}
{0 271,1 0.545272,2 27,3 18.407407,4 1.756539,5 15.89415,6 3104,7 2439,8 39.548262,9 hh}
{0 216,1 0.459574,2 24,3 19.583333,4 1.855319,5 17.109929,6 2944,7 2346,8 29.997917,9 hh}
{0 244,1 0.494929,2 23,3 21.434783,4 1.711968,5 16.36296,6 2979,7 2352,8 40.246241,9 hh}
{0 222,1 0.455852,2 26,3 18.730769,4 1.689938,5 15.377318,6 2903,7 2265,8 44.854481,9 hh}
{0 240,1 0.479042,2 26,3 19.269231,4 1.646707,5 14.73364,6 2928,7 2307,8 47.965354,9 hh}
{0 246,1 0.482353,2 21,3 24.285714,4 1.678431,5 17.165266,6 3006,7 2407,8 40.189706,9 hh}
{0 253,1 0.511111,2 25,3 19.8,4 1.755556,5 16.728081,6 3061,7 2452,8 38.218,9 hh}
{0 242,1 0.490872,2 24,3 20.541667,4 1.667343,5 15.518898,6 2847,7 2287,8 44.928008,9 hh}
{0 206,1 0.406312,2 16,3 31.6875,4 1.666667,5 19.696696,6 2840,7 2233,8 33.672188,9 j}
{0 237,1 0.478788,2 17,3 29.117647,4 1.747475,5 19.16221,6 3035,7 2440,8 29.444225,9 j}
{0 223,1 0.44511,2 22,3 22.772727,4 1.790419,5 18.051207,6 2997,7 2415,8 32.251221,9 j}
{0 252,1 0.515337,2 16,3 30.5625,4 1.748466,5 21.386554,6 2970,7 2380,8 27.893817,9 j}
{0 247,1 0.505112,2 18,3 27.166667,4 1.693252,5 17.492434,6 2892,7 2274,8 36.011754,9 j}
{0 253,1 0.517382,2 20,3 24.45,4 1.879346,5 20.659346,6 3117,7 2544,8 23.025612,9 j}
{0 207,1 0.417339,2 19,3 26.105263,4 1.814516,5 19.555008,6 3024,7 2441,8 26.830093,9 j}
{0 215,1 0.446058,2 20,3 24.1,4 1.956432,5 20.84332,6 3065,7 2441,8 16.859392,9 j}
{0 236,1 0.476768,2 21,3 23.571429,4 1.761616,5 17.832612,6 3015,7 2426,8 33.877273,9 j}
{0 260,1 0.521042,2 26,3 19.192308,4 1.779559,5 16.013596,6 3008,7 2385,8 36.804106,9 j}
{0 255,1 0.49323,2 24,3 21.541667,4 1.787234,5 18.133108,6 3177,7 2561,8 33.770208,9 j}
{0 228,1 0.454183,2 22,3 22.818182,4 1.820717,5 18.848388,6 3061,7 2438,8 29.641876,9 j}
{0 220,1 0.458333,2 21,3 22.857143,4 1.914583,5 19.47619,6 3013,7 2432,8 21.66125,9 j}
{0 265,1 0.548654,2 27,3 17.888889,4 1.855072,5 16.844997,6 3066,7 2507,8 31.738647,9 j}
{0 263,1 0.526,2 24,3 20.833333,4 1.8,5 17.053333,6 3108,7 2507,8 33.409167,9 j}
{0 250,1 0.498008,2 31,3 16.193548,4 1.49004,5 10.700527,6 2769,7 2171,8 64.341178,9 r}
{0 230,1 0.470348,2 36,3 13.583333,4 1.355828,5 8.05092,6 2488,7 1916,8 78.344849,9 r}
{0 241,1 0.484909,2 34,3 14.617647,4 1.39839,5 8.824926,6 2652,7 2064,8 73.694265,9 r}
{0 280,1 0.576132,2 34,3 14.294118,4 1.479424,5 9.009828,6 2838,7 2119,8 67.167211,9 r}
{0 280,1 0.583333,2 35,3 13.714286,4 1.5125,5 9.319048,6 2829,7 2122,8 64.9575,9 r}
{0 242,1 0.512712,2 30,3 15.733333,4 1.413136,5 9.089944,6 2648,7 1997,8 71.314395,9 r}
{0 215,1 0.444215,2 24,3 20.166667,4 1.582645,5 13.190634,6 2632,7 2044,8 52.474098,9 r}
{0 227,1 0.474895,2 24,3 19.916667,4 1.554393,5 12.820223,6 2528,7 1933,8 55.11791,9 r}
{0 251,1 0.499006,2 28,3 17.964286,4 1.379722,5 10.525675,6 2622,7 1999,8 71.876797,9 r}
{0 253,1 0.517382,2 31,3 15.774194,4 1.423313,5 9.499861,6 2568,7 1975,8 70.411924,9 r}
{0 258,1 0.525458,2 36,3 13.638889,4 1.419552,5 8.714211,6 2662,7 2024,8 72.897434,9 r}
{0 238,1 0.485714,2 26,3 18.846154,4 1.418367,5 10.55887,6 2691,7 2073,8 67.712276,9 r}
{0 250,1 0.505051,2 35,3 14.142857,4 1.428283,5 8.647042,6 2723,7 2063,8 71.647273,9 r}
{0 239,1 0.478958,2 41,3 12.170732,4 1.42485,5 7.593744,6 2722,7 2025,8 73.939423,9 r}
{0 241,1 0.492843,2 20,3 24.45,4 1.709611,5 17.387362,6 2875,7 2321,8 37.385121,9 t}
{0 264,1 0.54321,2 19,3 25.578947,4 1.781893,5 18.955859,6 2947,7 2387,8 30.12422,9 t}
{0 251,1 0.512245,2 13,3 37.692308,4 1.761224,5 23.321821,6 2987,7 2401,8 19.577716,9 t}
{0 276,1 0.559838,2 15,3 32.866667,4 2.077079,5 24.667965,6 3375,7 2747,8 -2.245559,9 t}
{0 246,1 0.497976,2 18,3 27.444444,4 1.811741,5 20.208547,6 3029,7 2458,8 25.70561,9 t}
{0 252,1 0.514286,2 21,3 23.333333,4 1.761224,5 16.92517,6 2895,7 2345,8 34.152075,9 t}
{0 245,1 0.479452,2 18,3 28.388889,4 1.906067,5 20.983736,6 3215,7 2645,8 16.767049,9 t}
{0 258,1 0.525458,2 18,3 27.277778,4 1.88391,5 19.546549,6 3074,7 2524,8 19.769237,9 t}
{0 251,1 0.518595,2 14,3 34.571429,4 2.018595,5 24.324439,6 3181,7 2627,8 0.97186,9 t}
{0 266,1 0.521569,2 18,3 28.333333,4 1.637255,5 16.980392,6 2898,7 2320,8 39.564902,9 t}
{0 273,1 0.54491,2 27,3 18.555556,4 1.646707,5 13.250566,6 2866,7 2239,8 48.689734,9 t}
{0 258,1 0.530864,2 19,3 25.578947,4 1.884774,5 19.6966,6 3095,7 2538,8 21.420517,9 t}
{0 264,1 0.531187,2 21,3 23.666667,4 1.736419,5 17.032059,6 2935,7 2363,8 35.912327,9 t}

Calculating InfoGain on the training set's features
===================================================
Features InfoGain score (non-zero only):
----------------------------------------
> Gunning-Fog-Readability-Index{-}   0.917928
> Letter-Space{-}                    0.896803
> Flesch-Reading-Ease-Score{-}       0.894558
> Character-Space{-}                 0.835960
> Average-Syllables-in-Word{-}       0.730347
> Sentence-Count{-}                  0.679880
> Average-Sentence-Length{-}         0.428337

Feature-type breakdown:
-----------------------
> Sentence-Count                  0.679880 (12.63%)
> Letter-Space                    0.896803 (16.66%)
> Unique-Words-Count              0.000000 (0.00%)
> Complexity                      0.000000 (0.00%)
> Average-Syllables-in-Word       0.730347 (13.57%)
> Gunning-Fog-Readability-Index   0.917928 (17.05%)
> Average-Sentence-Length         0.428337 (7.96%)
> Flesch-Reading-Ease-Score       0.894558 (16.62%)
> Character-Space                 0.835960 (15.53%)

done!

2013-03-22, 17:43:17 Starting 10-folds cross-validation on training corpus phase...

================================================================================

Running analysis with classifier 1 out of 1:
> Classifier: weka.classifiers.functions.SMO
> Options:    -C 1.0 -L 0.0010 -P 1.0E-12 -N 0 -V -1 -W 1 -K weka.classifiers.functions.supportVector.PolyKernel -C 250007 -E 1.0 

2013-03-22, 17:43:17 Starting cross validation...
2013-03-22, 17:43:19 done!

=== Summary ===

Correctly Classified Instances          43               53.75   %
Incorrectly Classified Instances        37               46.25   %
Kappa statistic                          0.4166
Mean absolute error                      0.2665
Root mean squared error                  0.3553
Relative absolute error                 83.805  %
Root relative squared error             89.1246 %
Total Number of Instances               80     

=== Detailed Accuracy By Class ===

               TP Rate   FP Rate   Precision   Recall  F-Measure   ROC Area  Class
                 0.722     0.274      0.433     0.722     0.542      0.813    h
                 0.4       0.1        0.571     0.4       0.471      0.788    hh
                 0.267     0.092      0.4       0.267     0.32       0.667    j
                 0.857     0.091      0.667     0.857     0.75       0.945    r
                 0.462     0.03       0.75      0.462     0.571      0.861    t
Weighted Avg.    0.538     0.125      0.554     0.538     0.524      0.81 

=== Confusion Matrix ===

  a  b  c  d  e   <-- classified as
 13  1  4  0  0 |  a = h
  4  8  2  6  0 |  b = hh
  8  1  4  0  2 |  c = j
  0  2  0 12  0 |  d = r
  5  2  0  0  6 |  e = t

