============================ JStylo Analysis Output ============================
Started analysis on 2013-03-22, 16:25:10
Running 10-folds cross validation on training corpus

Training corpus:
> bb (19 documents)
> dd (14 documents)
> g (16 documents)
> h (18 documents)
> i (14 documents)
> j (15 documents)
> jj (15 documents)
> kk (17 documents)
> m (14 documents)
> nn (13 documents)
> s (14 documents)
> ss (15 documents)
> tt (16 documents)
> w (14 documents)
> x (13 documents)

Feature set: 9 feature-set:
> Unique Words Count
> Complexity
> Sentence Count
> Average Sentence Length
> Average Syllables in Word
> Gunning-Fog Readability Index
> Character Space
> Letter Space
> Flesch Reading Ease Score

Classifiers used:
> weka.classifiers.functions.SMO                    	-C 1.0 -L 0.0010 -P 1.0E-12 -N 0 -V -1 -W 1 -K weka.classifiers.functions.supportVector.PolyKernel -C 250007 -E 1.0 

================================================================================

2013-03-22, 16:25:10 Extracting features from training corpus (using sparse representation)...
2013-03-22, 16:25:14 done!

Training corpus features (ARFF):
================================
@relation JStylo

@attribute 'Unique-Words-Count{-}' numeric
@attribute 'Complexity{-}' numeric
@attribute 'Sentence-Count{-}' numeric
@attribute 'Average-Sentence-Length{-}' numeric
@attribute 'Average-Syllables-in-Word{-}' numeric
@attribute 'Gunning-Fog-Readability-Index{-}' numeric
@attribute 'Character-Space{-}' numeric
@attribute 'Letter-Space{-}' numeric
@attribute 'Flesch-Reading-Ease-Score{-}' numeric
@attribute authorName {bb,dd,g,h,i,j,jj,kk,m,nn,s,ss,tt,w,x}

@data
{0 237,1 0.486653,2 29,3 16.793103,4 1.535934,5 11.234695,6 2699,7 2094,8 59.849959}
{0 250,1 0.510204,2 26,3 18.846154,4 1.54898,5 12.599686,6 2731,7 2151,8 56.66248}
{0 276,1 0.559838,2 25,3 19.72,4 1.567951,5 13.648649,6 2778,7 2144,8 54.170518}
{0 253,1 0.518443,2 22,3 22.181818,4 1.635246,5 14.692399,6 2895,7 2212,8 45.978651}
{0 233,1 0.48847,2 24,3 19.875,4 1.557652,5 12.142872,6 2688,7 2118,8 54.884517}
{0 253,1 0.522727,2 23,3 21.043478,4 1.584711,5 13.624003,6 2747,7 2152,8 51.409341}
{0 224,1 0.459959,2 26,3 18.730769,4 1.49692,5 11.681219,6 2676,7 2091,8 61.183844}
{0 259,1 0.529652,2 26,3 18.807692,4 1.650307,5 13.00365,6 2902,7 2264,8 48.129241}
{0 236,1 0.488613,2 27,3 17.888889,4 1.509317,5 11.54479,6 2657,7 2088,8 60.989579}
{0 254,1 0.531381,2 24,3 19.916667,4 1.600418,5 12.820223,6 2737,7 2140,8 51.224186}
{0 224,1 0.456212,2 23,3 21.347826,4 1.641548,5 15.137908,6 2895,7 2303,8 46.292007}
{0 283,1 0.576375,2 26,3 18.884615,4 1.606925,5 13.175027,6 2836,7 2223,8 51.721291}
{0 264,1 0.542094,2 27,3 18.037037,4 1.694045,5 14.442741,6 3005,7 2388,8 45.211186}
{0 253,1 0.525988,2 27,3 17.814815,4 1.619543,5 13.362932,6 2751,7 2137,8 51.739657}
{0 278,1 0.572016,2 28,3 17.357143,4 1.697531,5 14.432569,6 2955,7 2355,8 45.606389}
{0 228,1 0.477987,2 25,3 19.08,4 1.561845,5 12.328017,6 2701,7 2099,8 55.336725}
{0 237,1 0.476861,2 29,3 17.137931,4 1.54326,5 11.603663,6 2862,7 2240,8 58.880241}
{0 243,1 0.482143,2 29,3 17.37931,4 1.55754,5 11.396169,6 2815,7 2210,8 57.427143}
{0 246,1 0.49004,2 20,3 25.1,4 1.609562,5 15.05992,6 2839,7 2245,8 45.189576}
{0 254,1 0.533613,2 20,3 23.8,4 1.670168,5 15.738487,6 3018,7 2171,8 41.381782,9 dd}
{0 266,1 0.530938,2 20,3 25.05,4 1.562874,5 14.890259,6 3125,7 2260,8 49.190088,9 dd}
{0 259,1 0.560606,2 17,3 27.176471,4 1.601732,5 16.325134,6 3075,7 2145,8 43.744389,9 dd}
{0 288,1 0.586558,2 21,3 23.380952,4 1.696538,5 16.358491,6 3281,7 2382,8 39.576246,9 dd}
{0 284,1 0.566866,2 19,3 26.368421,4 1.58483,5 16.934594,6 3021,7 2205,8 45.994406,9 dd}
{0 235,1 0.47,2 19,3 26.315789,4 1.404,5 14.286316,6 2841,7 2054,8 61.346074,9 dd}
{0 272,1 0.546185,2 19,3 26.210526,4 1.550201,5 15.865737,6 2982,7 2197,8 49.084328,9 dd}
{0 287,1 0.601677,2 20,3 23.85,4 1.675052,5 15.997023,6 3090,7 2240,8 40.917816,9 dd}
{0 223,1 0.44246,2 14,3 36,4 1.460317,5 18.209524,6 3119,7 2062,8 46.752143,9 dd}
{0 273,1 0.552632,2 20,3 24.7,4 1.657895,5 16.519676,6 3329,7 2343,8 41.506605,9 dd}
{0 275,1 0.542406,2 25,3 20.28,4 1.60355,5 14.344742,6 3136,7 2295,8 50.590445,9 dd}
{0 294,1 0.611227,2 21,3 22.904762,4 1.669439,5 16.646312,6 3238,7 2262,8 42.352155,9 dd}
{0 284,1 0.570281,2 21,3 23.714286,4 1.598394,5 15.509811,6 3241,7 2305,8 47.540904,9 dd}
{0 288,1 0.593814,2 21,3 23.095238,4 1.616495,5 15.671085,6 3161,7 2180,8 46.637869,9 dd}
{0 234,1 0.488518,2 20,3 23.95,4 1.676409,5 15.258497,6 2944,7 2208,8 40.701533,9 g}
{0 261,1 0.538144,2 18,3 26.944444,4 1.54433,5 15.31386,6 2957,7 2132,8 48.83608,9 g}
{0 244,1 0.48996,2 15,3 33.2,4 1.60241,5 18.982811,6 3018,7 2271,8 37.573145,9 g}
{0 245,1 0.49,2 46,3 10.869565,4 1.526,5 9.787826,6 2892,7 2006,8 66.702791,9 g}
{0 235,1 0.5,2 43,3 10.930233,4 1.634043,5 11.606136,6 2832,7 2038,8 57.500814,9 g}
{0 219,1 0.438,2 17,3 29.411765,4 1.65,5 18.404706,6 2890,7 2311,8 37.392059,9 g}
{0 231,1 0.478261,2 22,3 21.954545,4 1.68323,5 16.31805,6 2833,7 2219,8 42.149894,9 g}
{0 224,1 0.452525,2 27,3 18.333333,4 1.587879,5 12.424242,6 2845,7 2236,8 53.892121,9 g}
{0 243,1 0.476471,2 19,3 26.842105,4 1.684314,5 19.128999,6 3080,7 2480,8 37.097322,9 g}
{0 260,1 0.516899,2 20,3 25.15,4 1.73161,5 18.807515,6 3023,7 2435,8 34.813515,9 g}
{0 257,1 0.520243,2 36,3 13.722222,4 1.532389,5 10.266217,6 2812,7 2245,8 63.266863,9 g}
{0 267,1 0.530815,2 37,3 13.594595,4 1.467197,5 9.493504,6 2749,7 2158,8 68.911636,9 g}
{0 253,1 0.517382,2 39,3 12.538462,4 1.443763,5 8.532767,6 2633,7 2072,8 71.96613,9 g}
{0 251,1 0.499006,2 32,3 15.71875,4 1.379722,5 8.673186,6 2643,7 2075,8 74.156015,9 g}
{0 237,1 0.477823,2 35,3 14.171429,4 1.461694,5 9.539539,6 2701,7 2124,8 68.791726,9 g}
{0 224,1 0.475584,2 18,3 26.166667,4 1.619958,5 15.222505,6 2702,7 2158,8 43.227426,9 g}
{0 254,1 0.513131,2 24,3 20.625,4 1.840404,5 16.977273,6 3169,7 2572,8 30.202443,9 h}
{0 264,1 0.532258,2 21,3 23.619048,4 1.97379,5 21.302458,6 3352,7 2761,8 15.879005,9 h}
{0 217,1 0.460722,2 27,3 17.444444,4 1.963907,5 18.782449,6 3039,7 2456,8 22.982392,9 h}
{0 240,1 0.48583,2 20,3 24.7,4 1.917004,5 20.244372,6 3193,7 2591,8 19.585957,9 h}
{0 222,1 0.439604,2 20,3 25.25,4 1.809901,5 18.020792,6 3086,7 2507,8 28.088626,9 h}
{0 253,1 0.515275,2 19,3 25.842105,4 1.863544,5 20.438675,6 3125,7 2548,8 22.949459,9 h}
{0 225,1 0.453629,2 19,3 26.105263,4 1.762097,5 18.506621,6 2984,7 2404,8 31.264771,9 h}
{0 259,1 0.524291,2 23,3 21.478261,4 1.923077,5 19.198592,6 3199,7 2615,8 22.342258,9 h}
{0 256,1 0.510978,2 22,3 22.772727,4 1.912176,5 19.727853,6 3223,7 2562,8 21.950622,9 h}
{0 248,1 0.505092,2 25,3 19.64,4 2.081466,5 21.460888,6 3390,7 2749,8 10.808343,9 h}
{0 259,1 0.519038,2 19,3 26.263158,4 1.861723,5 20.284822,6 3249,7 2642,8 22.676091,9 h}
{0 251,1 0.510163,2 24,3 20.5,4 1.737805,5 15.110569,6 3032,7 2355,8 39.009207,9 h}
{0 263,1 0.516699,2 22,3 23.136364,4 1.80943,5 18.52763,6 3258,7 2606,8 30.273791,9 h}
{0 244,1 0.495935,2 20,3 24.6,4 1.825203,5 19.84,6 3054,7 2469,8 27.453805,9 h}
{0 235,1 0.47,2 23,3 21.73913,4 1.796,5 17.815652,6 3046,7 2470,8 32.828183,9 h}
{0 249,1 0.492095,2 19,3 26.631579,4 1.824111,5 19.269232,6 3200,7 2584,8 25.484185,9 h}
{0 246,1 0.495968,2 27,3 18.37037,4 1.895161,5 17.348148,6 3258,7 2653,8 27.858429,9 h}
{0 261,1 0.509766,2 23,3 22.26087,4 1.8125,5 17.732473,6 3251,7 2645,8 30.902717,9 h}
{0 250,1 0.512295,2 20,3 24.4,4 1.739754,5 18.530492,6 2931,7 2337,8 34.885803,9 i}
{0 255,1 0.519348,2 23,3 21.347826,4 1.828921,5 18.396564,6 3044,7 2452,8 30.440276,9 i}
{0 243,1 0.484064,2 22,3 22.818182,4 1.74502,5 17.73285,6 3027,7 2385,8 36.04586,9 i}
{0 231,1 0.464789,2 25,3 19.88,4 1.798793,5 17.368499,6 2995,7 2396,8 34.478933,9 i}
{0 239,1 0.470472,2 24,3 21.166667,4 1.663386,5 15.553281,6 2930,7 2329,8 44.628392,9 i}
{0 230,1 0.468432,2 29,3 16.931034,4 1.588595,5 12.800927,6 2684,7 2117,8 55.254888,9 i}
{0 243,1 0.489919,2 27,3 18.37037,4 1.574597,5 12.993309,6 2755,7 2176,8 54.978187,9 i}
{0 220,1 0.443548,2 30,3 16.533333,4 1.596774,5 13.145591,6 2718,7 2139,8 54.96657,9 i}
{0 254,1 0.522634,2 20,3 24.3,4 1.915638,5 19.761152,6 3215,7 2571,8 20.107537,9 i}
{0 219,1 0.451546,2 20,3 24.25,4 1.936082,5 21.081443,6 3262,7 2653,8 18.428673,9 i}
{0 223,1 0.465553,2 19,3 25.210526,4 2.154489,5 22.359785,6 3567,7 2874,8 -1.023413,9 i}
{0 244,1 0.487026,2 21,3 23.857143,4 1.976048,5 21.119703,6 3280,7 2675,8 15.446347,9 i}
{0 228,1 0.463415,2 21,3 23.428571,4 1.762195,5 16.932404,6 2858,7 2285,8 33.973293,9 i}
{0 206,1 0.41785,2 25,3 19.72,4 1.821501,5 16.082726,6 2964,7 2367,8 32.720214,9 i}
{0 206,1 0.406312,2 16,3 31.6875,4 1.666667,5 19.696696,6 2840,7 2233,8 33.672188,9 j}
{0 237,1 0.478788,2 17,3 29.117647,4 1.747475,5 19.16221,6 3035,7 2440,8 29.444225,9 j}
{0 223,1 0.44511,2 22,3 22.772727,4 1.790419,5 18.051207,6 2997,7 2415,8 32.251221,9 j}
{0 252,1 0.515337,2 16,3 30.5625,4 1.748466,5 21.386554,6 2970,7 2380,8 27.893817,9 j}
{0 247,1 0.505112,2 18,3 27.166667,4 1.693252,5 17.492434,6 2892,7 2274,8 36.011754,9 j}
{0 253,1 0.517382,2 20,3 24.45,4 1.879346,5 20.659346,6 3117,7 2544,8 23.025612,9 j}
{0 207,1 0.417339,2 19,3 26.105263,4 1.814516,5 19.555008,6 3024,7 2441,8 26.830093,9 j}
{0 215,1 0.446058,2 20,3 24.1,4 1.956432,5 20.84332,6 3065,7 2441,8 16.859392,9 j}
{0 236,1 0.476768,2 21,3 23.571429,4 1.761616,5 17.832612,6 3015,7 2426,8 33.877273,9 j}
{0 260,1 0.521042,2 26,3 19.192308,4 1.779559,5 16.013596,6 3008,7 2385,8 36.804106,9 j}
{0 255,1 0.49323,2 24,3 21.541667,4 1.787234,5 18.133108,6 3177,7 2561,8 33.770208,9 j}
{0 228,1 0.454183,2 22,3 22.818182,4 1.820717,5 18.848388,6 3061,7 2438,8 29.641876,9 j}
{0 220,1 0.458333,2 21,3 22.857143,4 1.914583,5 19.47619,6 3013,7 2432,8 21.66125,9 j}
{0 265,1 0.548654,2 27,3 17.888889,4 1.855072,5 16.844997,6 3066,7 2507,8 31.738647,9 j}
{0 263,1 0.526,2 24,3 20.833333,4 1.8,5 17.053333,6 3108,7 2507,8 33.409167,9 j}
{0 248,1 0.510288,2 15,3 32.4,4 1.567901,5 18.474403,6 2834,7 2195,8 41.304556,9 jj}
{0 258,1 0.511905,2 23,3 21.913043,4 1.64881,5 15.035059,6 2906,7 2298,8 45.103975,9 jj}
{0 270,1 0.545455,2 24,3 20.625,4 1.672727,5 15.280303,6 2946,7 2321,8 44.387898,9 jj}
{0 288,1 0.572565,2 27,3 18.62963,4 1.671968,5 14.290818,6 2964,7 2309,8 46.477417,9 jj}
{0 258,1 0.536383,2 29,3 16.586207,4 1.7921,5 15.366291,6 3287,7 2543,8 38.388358,9 jj}
{0 249,1 0.498998,2 20,3 24.95,4 1.727455,5 17.354749,6 2994,7 2378,8 35.368065,9 jj}
{0 242,1 0.483034,2 18,3 27.833333,4 1.680639,5 19.117365,6 2974,7 2361,8 36.402131,9 jj}
{0 259,1 0.563043,2 18,3 25.555556,4 1.704348,5 16.917874,6 2892,7 2257,8 36.708285,9 jj}
{0 273,1 0.540594,2 20,3 25.25,4 1.643564,5 17.228713,6 2932,7 2289,8 42.160705,9 jj}
{0 258,1 0.517034,2 24,3 20.791667,4 1.643287,5 14.729492,6 2963,7 2366,8 46.709414,9 jj}
{0 261,1 0.511765,2 25,3 20.4,4 1.560784,5 13.650196,6 2831,7 2223,8 54.086647,9 jj}
{0 251,1 0.503006,2 21,3 23.761905,4 1.641283,5 15.516786,6 2916,7 2221,8 43.864162,9 jj}
{0 249,1 0.5,2 25,3 19.92,4 1.674699,5 14.393703,6 2940,7 2236,8 44.936682,9 jj}
{0 249,1 0.496016,2 27,3 18.592593,4 1.643426,5 14.608352,6 2954,7 2270,8 48.929654,9 jj}
{0 247,1 0.494,2 26,3 19.230769,4 1.562,5 12.892308,6 2799,7 2144,8 55.170569,9 jj}
{0 260,1 0.516899,2 18,3 27.944444,4 1.510934,5 15.869627,6 2829,7 2222,8 50.646339,9 kk}
{0 275,1 0.562372,2 25,3 19.56,4 1.627812,5 13.79537,6 2842,7 2251,8 49.268717,9 kk}
{0 243,1 0.503106,2 25,3 19.32,4 1.575569,5 13.607917,6 2805,7 2207,8 53.932032,9 kk}
{0 243,1 0.507307,2 29,3 16.517241,4 1.597077,5 12.953452,6 2774,7 2181,8 54.957265,9 kk}
{0 258,1 0.52439,2 20,3 24.6,4 1.646341,5 17.726179,6 2892,7 2289,8 42.585512,9 kk}
{0 245,1 0.5,2 30,3 16.333333,4 1.55102,5 10.451701,6 2775,7 2163,8 59.04034,9 kk}
{0 270,1 0.560166,2 30,3 16.066667,4 1.545643,5 11.07397,6 2806,7 2188,8 59.765923,9 kk}
{0 258,1 0.538622,2 20,3 23.95,4 1.590814,5 14.256409,6 2734,7 2133,8 47.942869,9 kk}
{0 233,1 0.481405,2 28,3 17.285714,4 1.626033,5 12.616765,6 2755,7 2168,8 51.727603,9 kk}
{0 248,1 0.496994,2 21,3 23.761905,4 1.691383,5 16.719191,6 2964,7 2359,8 39.625685,9 kk}
{0 249,1 0.51875,2 16,3 30,4 1.658333,5 18.333333,6 2796,7 2238,8 36.09,9 kk}
{0 244,1 0.487026,2 17,3 29.470588,4 1.548902,5 16.019772,6 2798,7 2194,8 45.885227,9 kk}
{0 240,1 0.478088,2 24,3 20.916667,4 1.533865,5 13.306906,6 2771,7 2166,8 55.839643,9 kk}
{0 266,1 0.580786,2 23,3 19.913043,4 1.604803,5 13.72941,6 2735,7 2140,8 50.856885,9 kk}
{0 275,1 0.568182,2 13,3 37.230769,4 1.681818,5 21.917101,6 2879,7 2287,8 26.763951,9 kk}
{0 277,1 0.58811,2 26,3 18.115385,4 1.600849,5 13.021101,6 2702,7 2108,8 53.016037,9 kk}
{0 258,1 0.54661,2 15,3 31.466667,4 1.595339,5 18.010395,6 2730,7 2142,8 39.930655,9 kk}
{0 282,1 0.567404,2 20,3 24.85,4 1.895372,5 20.241811,6 3206,7 2629,8 21.263759,9 m}
{0 254,1 0.520492,2 22,3 22.181818,4 2.02459,5 21.659613,6 3345,7 2723,8 13.040127,9 m}
{0 250,1 0.501002,2 20,3 24.95,4 1.783567,5 19.679399,6 3098,7 2465,8 30.62097,9 m}
{0 238,1 0.47505,2 20,3 25.05,4 1.832335,5 20.798443,6 3155,7 2547,8 26.393681,9 m}
{0 250,1 0.523013,2 16,3 29.875,4 1.83682,5 21.740795,6 2981,7 2383,8 21.116896,9 m}
{0 266,1 0.541752,2 19,3 25.842105,4 1.953157,5 21.742137,6 3238,7 2662,8 15.368196,9 m}
{0 258,1 0.512922,2 21,3 23.952381,4 1.829026,5 17.930853,6 3188,7 2537,8 27.787747,9 m}
{0 280,1 0.571429,2 32,3 15.3125,4 1.879592,5 14.451531,6 3197,7 2603,8 32.279343,9 m}
{0 274,1 0.563786,2 27,3 18,4 1.8107,5 15.595062,6 3032,7 2413,8 35.379815,9 m}
{0 275,1 0.565844,2 25,3 19.44,4 1.971193,5 19.134025,6 3296,7 2706,8 20.340437,9 m}
{0 269,1 0.550102,2 18,3 27.166667,4 1.805726,5 19.373824,6 3064,7 2487,8 26.496416,9 m}
{0 256,1 0.547009,2 21,3 22.285714,4 1.758547,5 16.777534,6 2834,7 2304,8 35.441923,9 m}
{0 249,1 0.51875,2 20,3 24,4 1.7,5 16.35,6 2821,7 2286,8 38.655,9 m}
{0 247,1 0.512448,2 17,3 28.352941,4 1.892116,5 21.963583,6 3062,7 2515,8 17.983736,9 m}
{0 298,1 0.593625,2 30,3 16.733333,4 1.517928,5 10.916441,6 3128,7 2199,8 61.433934,9 nn}
{0 277,1 0.552894,2 24,3 20.875,4 1.638723,5 14.976747,6 3218,7 2351,8 47.010947,9 nn}
{0 293,1 0.597959,2 26,3 18.846154,4 1.589796,5 13.33438,6 3109,7 2207,8 53.209419,9 nn}
{0 291,1 0.589069,2 28,3 17.642857,4 1.692308,5 14.911394,6 3239,7 2357,8 45.758269,9 nn}
{0 260,1 0.545073,2 25,3 19.08,4 1.775681,5 16.269317,6 3110,7 2296,8 37.246158,9 nn}
{0 261,1 0.56129,2 29,3 16.034483,4 1.612903,5 12.435298,6 3001,7 2110,8 54.108387,9 nn}
{0 278,1 0.561616,2 27,3 18.333333,4 1.626263,5 13.79798,6 3121,7 2297,8 50.644848,9 nn}
{0 280,1 0.567951,2 25,3 19.72,4 1.701826,5 16.082726,6 3362,7 2376,8 42.844758,9 nn}
{0 273,1 0.565217,2 28,3 17.25,4 1.602484,5 13.442443,6 2951,7 2139,8 53.756064,9 nn}
{0 264,1 0.546584,2 21,3 23,4 1.741201,5 18.061284,6 3120,7 2307,8 36.18441,9 nn}
{0 291,1 0.570588,2 20,3 25.5,4 1.662745,5 16.866667,6 3230,7 2323,8 40.284265,9 nn}
{0 290,1 0.591837,2 21,3 23.333333,4 1.7,5 16.108844,6 3242,7 2247,8 39.331667,9 nn}
{0 243,1 0.490909,2 21,3 23.571429,4 1.608081,5 15.004329,6 2887,7 2135,8 46.866364,9 nn}
{0 230,1 0.465587,2 24,3 20.583333,4 1.659919,5 15.601754,6 2886,7 2302,8 45.513767,9 s}
{0 266,1 0.538462,2 23,3 21.478261,4 1.769231,5 16.68847,6 3020,7 2428,8 35.357642,9 s}
{0 256,1 0.514056,2 26,3 19.153846,4 1.546185,5 13.284028,6 2741,7 2149,8 56.586617,9 s}
{0 272,1 0.53125,2 27,3 18.962963,4 1.658203,5 15.00706,6 2934,7 2312,8 47.303608,9 s}
{0 244,1 0.484127,2 23,3 21.913043,4 1.748016,5 17.336646,6 2957,7 2360,8 36.711118,9 s}
{0 248,1 0.513458,2 19,3 25.421053,4 1.732919,5 18.864073,6 2868,7 2272,8 34.427663,9 s}
{0 245,1 0.483235,2 27,3 18.777778,4 1.7357,5 15.400657,6 2999,7 2409,8 40.935319,9 s}
{0 257,1 0.530992,2 30,3 16.133333,4 1.652893,5 12.81697,6 2854,7 2258,8 50.624956,9 s}
{0 247,1 0.493014,2 27,3 18.555556,4 1.856287,5 17.242582,6 3102,7 2530,8 30.959195,9 s}
{0 283,1 0.576375,2 24,3 20.458333,4 1.714868,5 15.433842,6 2920,7 2336,8 40.991991,9 s}
{0 262,1 0.527163,2 30,3 16.566667,4 1.841046,5 15.721234,6 3077,7 2468,8 34.267318,9 s}
{0 242,1 0.495902,2 23,3 21.217391,4 1.827869,5 17.667284,6 3036,7 2451,8 30.661643,9 s}
{0 250,1 0.501002,2 30,3 16.633333,4 1.633267,5 12.985999,6 2895,7 2301,8 51.777818,9 s}
{0 269,1 0.520309,2 26,3 19.884615,4 1.649903,5 14.684987,6 3038,7 2413,8 47.070297,9 s}
{0 233,1 0.496802,2 21,3 22.333333,4 1.722814,5 17.462118,6 2866,7 2210,8 38.41656,9 ss}
{0 263,1 0.544513,2 36,3 13.416667,4 1.774327,5 14.310766,6 3080,7 2375,8 43.109009,9 ss}
{0 251,1 0.506048,2 25,3 19.84,4 1.77621,5 17.290839,6 3134,7 2477,8 36.430061,9 ss}
{0 249,1 0.514463,2 30,3 16.133333,4 1.743802,5 15.131019,6 3089,7 2425,8 42.934047,9 ss}
{0 258,1 0.520161,2 36,3 13.777778,4 1.71371,5 13.817563,6 3076,7 2349,8 47.870717,9 ss}
{0 235,1 0.490605,2 33,3 14.515152,4 1.691023,5 13.154704,6 2930,7 2294,8 49.041578,9 ss}
{0 246,1 0.475822,2 10,3 51.7,4 2.003868,5 33.05911,6 3556,7 2883,8 -15.167773,9 ss}
{0 205,1 0.406746,2 7,3 72,4 1.934524,5 40.546032,6 3305,7 2690,8 -29.905714,9 ss}
{0 221,1 0.447368,2 11,3 44.909091,4 1.8583,5 28.570924,6 3111,7 2520,8 4.040127,9 ss}
{0 228,1 0.488223,2 15,3 31.133333,4 1.762313,5 21.18995,6 2839,7 2261,8 26.143018,9 ss}
{0 260,1 0.531697,2 12,3 40.75,4 1.832311,5 25.543354,6 3192,7 2547,8 10.460253,9 ss}
{0 272,1 0.525097,2 14,3 37,4 1.843629,5 24.91583,6 3305,7 2691,8 13.308958,9 ss}
{0 225,1 0.467775,2 13,3 37,4 1.89605,5 25.444491,6 3068,7 2529,8 8.874179,9 ss}
{0 267,1 0.544898,2 9,3 54.444444,4 2.065306,5 35.328798,6 3409,7 2813,8 -23.151009,9 ss}
{0 251,1 0.489279,2 9,3 57,4 2,5 34.963743,6 3432,7 2798,8 -20.22,9 ss}
{0 241,1 0.489837,2 26,3 18.923077,4 1.502033,5 11.552971,6 2768,7 2108,8 60.556126,9 tt}
{0 255,1 0.518293,2 27,3 18.222222,4 1.512195,5 11.841734,6 2727,7 2122,8 60.407737,9 tt}
{0 250,1 0.506073,2 25,3 19.76,4 1.700405,5 14.786591,6 3002,7 2403,8 42.924349,9 tt}
{0 229,1 0.467347,2 28,3 17.5,4 1.716327,5 14.346939,6 2949,7 2375,8 43.871276,9 tt}
{0 245,1 0.489022,2 24,3 20.875,4 1.560878,5 14.258184,6 2756,7 2192,8 53.596576,9 tt}
{0 254,1 0.511066,2 27,3 18.407407,4 1.565392,5 12.513868,6 2783,7 2215,8 55.719288,9 tt}
{0 228,1 0.468172,2 26,3 18.730769,4 1.566735,5 12.091897,6 2749,7 2204,8 55.277479,9 tt}
{0 210,1 0.432099,2 30,3 16.2,4 1.522634,5 10.101399,6 2708,7 2142,8 61.577185,9 tt}
{0 229,1 0.458,2 26,3 19.230769,4 1.65,5 14.252308,6 2816,7 2271,8 47.725769,9 tt}
{0 236,1 0.482618,2 30,3 16.3,4 1.709611,5 12.245971,6 2874,7 2304,8 45.657371,9 tt}
{0 208,1 0.419355,2 32,3 15.5,4 1.606855,5 10.877419,6 2819,7 2253,8 55.162581,9 tt}
{0 224,1 0.459016,2 32,3 15.25,4 1.631148,5 11.67377,6 2821,7 2257,8 53.361168,9 tt}
{0 219,1 0.439759,2 28,3 17.785714,4 1.594378,5 12.736776,6 2782,7 2226,8 53.898163,9 tt}
{0 245,1 0.49,2 25,3 20,4 1.752,5 15.44,6 2969,7 2380,8 38.3158,9 tt}
{0 228,1 0.464358,2 26,3 18.884615,4 1.596741,5 12.523296,6 2811,7 2193,8 52.582798,9 tt}
{0 231,1 0.474333,2 26,3 18.730769,4 1.62423,5 13.241794,6 4637,7 2148,8 50.413413,9 tt}
{0 260,1 0.527383,2 17,3 29,4 1.969574,5 22.87789,6 3402,7 2718,8 10.774037,9 w}
{0 275,1 0.563525,2 12,3 40.666667,4 1.977459,5 27.33224,6 3371,7 2738,8 -1.734699,9 w}
{0 260,1 0.516899,2 28,3 17.964286,4 1.66004,5 14.183726,6 2986,7 2375,8 48.161886,9 w}
{0 248,1 0.50924,2 28,3 17.392857,4 1.718686,5 15.170695,6 2982,7 2402,8 43.780429,9 w}
{0 241,1 0.503132,2 20,3 23.95,4 1.822547,5 19.016326,6 3043,7 2457,8 28.338276,9 w}
{0 218,1 0.453222,2 19,3 25.315789,4 1.852391,5 18.941285,6 3116,7 2544,8 24.427208,9 w}
{0 220,1 0.449898,2 26,3 18.807692,4 1.871166,5 17.175429,6 3192,7 2598,8 29.444579,9 w}
{0 251,1 0.50503,2 21,3 23.666667,4 1.794769,5 18.561234,6 3114,7 2528,8 30.975909,9 w}
{0 241,1 0.502083,2 19,3 25.263158,4 1.802083,5 19.355263,6 2968,7 2386,8 28.736645,9 w}
{0 261,1 0.529412,2 18,3 27.388889,4 1.713996,5 17.852107,6 2876,7 2273,8 34.031221,9 w}
{0 264,1 0.547718,2 17,3 28.352941,4 1.688797,5 18.146156,6 2860,7 2259,8 35.184566,9 w}
{0 239,1 0.498956,2 18,3 26.611111,4 1.659708,5 17.325029,6 2932,7 2293,8 39.413449,9 w}
{0 226,1 0.471816,2 13,3 36.846154,4 1.665971,5 20.834495,6 2825,7 2250,8 28.495026,9 w}
{0 223,1 0.468487,2 14,3 34,4 1.621849,5 19.566387,6 2784,7 2206,8 35.116597,9 w}
{0 247,1 0.505112,2 18,3 27.166667,4 1.936605,5 21.582413,6 3213,7 2521,8 15.424024,9 x}
{0 263,1 0.530242,2 15,3 33.066667,4 1.828629,5 22.097634,6 3112,7 2449,8 18.570317,9 x}
{0 256,1 0.515091,2 25,3 19.88,4 1.774648,5 16.402704,6 3022,7 2355,8 36.521589,9 x}
{0 243,1 0.488934,2 32,3 15.53125,4 1.716298,5 13.938858,6 2965,7 2345,8 45.871988,9 x}
{0 250,1 0.513347,2 25,3 19.48,4 1.728953,5 14.527113,6 2970,7 2352,8 40.793395,9 x}
{0 274,1 0.540434,2 24,3 21.125,4 1.759369,5 16.812919,6 3039,7 2406,8 36.550521,9 x}
{0 274,1 0.551308,2 25,3 19.88,4 1.698189,5 15.919807,6 2945,7 2332,8 42.989999,9 x}
{0 261,1 0.524096,2 31,3 16.064516,4 1.660643,5 12.449903,6 2976,7 2330,8 50.039155,9 x}
{0 273,1 0.547094,2 26,3 19.192308,4 1.719439,5 14.731031,6 2988,7 2348,8 41.890279,9 x}
{0 244,1 0.504132,2 18,3 26.888889,4 1.731405,5 18.193572,6 2913,7 2301,8 33.065918,9 x}

Calculating InfoGain on the training set's features
===================================================
Features InfoGain score (non-zero only):
----------------------------------------
> Average-Syllables-in-Word{-}       0.563584
> Flesch-Reading-Ease-Score{-}       0.549750
> Gunning-Fog-Readability-Index{-}   0.526061
> Letter-Space{-}                    0.432933
> Character-Space{-}                 0.429545
> Complexity{-}                      0.295895

Feature-type breakdown:
-----------------------
> Sentence-Count                  0.000000 (0.00%)
> Letter-Space                    0.432933 (15.47%)
> Unique-Words-Count              0.000000 (0.00%)
> Complexity                      0.295895 (10.58%)
> Average-Syllables-in-Word       0.563584 (20.14%)
> Gunning-Fog-Readability-Index   0.526061 (18.80%)
> Average-Sentence-Length         0.000000 (0.00%)
> Flesch-Reading-Ease-Score       0.549750 (19.65%)
> Character-Space                 0.429545 (15.35%)

done!

2013-03-22, 16:25:14 Starting 10-folds cross-validation on training corpus phase...

================================================================================

Running analysis with classifier 1 out of 1:
> Classifier: weka.classifiers.functions.SMO
> Options:    -C 1.0 -L 0.0010 -P 1.0E-12 -N 0 -V -1 -W 1 -K weka.classifiers.functions.supportVector.PolyKernel -C 250007 -E 1.0 

2013-03-22, 16:25:14 Starting cross validation...
2013-03-22, 16:25:34 done!

=== Summary ===

Correctly Classified Instances          56               25      %
Incorrectly Classified Instances       168               75      %
Kappa statistic                          0.189 
Mean absolute error                      0.1195
Root mean squared error                  0.2427
Relative absolute error                 96.1709 %
Root relative squared error             97.363  %
Total Number of Instances              224     

=== Detailed Accuracy By Class ===

               TP Rate   FP Rate   Precision   Recall  F-Measure   ROC Area  Class
                 0.737     0.244      0.219     0.737     0.337      0.803    bb
                 0.143     0.033      0.222     0.143     0.174      0.918    dd
                 0         0.005      0         0         0          0.738    g
                 0.778     0.214      0.241     0.778     0.368      0.863    h
                 0         0.01       0         0         0          0.731    i
                 0.133     0.048      0.167     0.133     0.148      0.81     j
                 0         0.067      0         0         0          0.734    jj
                 0.235     0.043      0.308     0.235     0.267      0.812    kk
                 0.071     0.014      0.25      0.071     0.111      0.822    m
                 0.385     0.066      0.263     0.385     0.313      0.873    nn
                 0.071     0.014      0.25      0.071     0.111      0.658    s
                 0.267     0          1         0.267     0.421      0.703    ss
                 0.563     0.043      0.5       0.563     0.529      0.838    tt
                 0         0.01       0         0         0          0.643    w
                 0         0          0         0         0          0.564    x
Weighted Avg.    0.25      0.061      0.236     0.25      0.197      0.774

=== Confusion Matrix ===

  a  b  c  d  e  f  g  h  i  j  k  l  m  n  o   <-- classified as
 14  1  0  0  0  0  1  1  0  1  0  0  1  0  0 |  a = bb
  2  2  0  0  0  0  1  1  0  7  0  0  1  0  0 |  b = dd
 10  0  0  1  0  1  1  1  0  0  0  0  2  0  0 |  c = g
  0  0  0 14  1  2  1  0  0  0  0  0  0  0  0 |  d = h
  1  0  0  7  0  2  1  0  0  0  0  0  3  0  0 |  e = i
  0  0  0 10  1  2  1  1  0  0  0  0  0  0  0 |  f = j
  8  1  0  1  0  1  0  2  0  1  0  0  0  1  0 |  g = jj
 11  0  0  0  0  0  1  4  0  1  0  0  0  0  0 |  h = kk
  2  0  0  9  0  0  0  0  1  1  0  0  0  1  0 |  i = m
  2  5  0  0  0  0  0  0  0  5  1  0  0  0  0 |  j = nn
  5  0  0  4  0  1  0  0  1  1  1  0  1  0  0 |  k = s
  1  0  0  5  0  1  3  0  0  0  0  4  1  0  0 |  l = ss
  5  0  0  0  0  0  0  0  0  1  1  0  9  0  0 |  m = tt
  1  0  1  6  0  1  0  3  1  0  1  0  0  0  0 |  n = w
  2  0  0  1  0  1  4  0  1  1  0  0  0  0  0 |  o = x

