============================ JStylo Analysis Output ============================
Started analysis on 2013-03-22, 16:30:46
Running 10-folds cross validation on training corpus

Training corpus:
> aa (14 documents)
> b (17 documents)
> c (18 documents)
> d (13 documents)
> dd (14 documents)
> e (16 documents)
> f (17 documents)
> gg (14 documents)
> h (18 documents)
> l (14 documents)
> mm (14 documents)
> n (13 documents)
> o (15 documents)
> qq (23 documents)
> r (14 documents)
> t (13 documents)
> w (14 documents)
> ww (15 documents)
> x (13 documents)
> z (13 documents)

Feature set: 9 feature-set:
> Unique Words Count
> Complexity
> Sentence Count
> Average Sentence Length
> Average Syllables in Word
> Gunning-Fog Readability Index
> Character Space
> Letter Space
> Flesch Reading Ease Score

Classifiers used:
> weka.classifiers.functions.SMO                    	-C 1.0 -L 0.0010 -P 1.0E-12 -N 0 -V -1 -W 1 -K weka.classifiers.functions.supportVector.PolyKernel -C 250007 -E 1.0 

================================================================================

2013-03-22, 16:30:46 Extracting features from training corpus (using sparse representation)...
2013-03-22, 16:30:53 done!

Training corpus features (ARFF):
================================
@relation JStylo

@attribute 'Unique-Words-Count{-}' numeric
@attribute 'Complexity{-}' numeric
@attribute 'Sentence-Count{-}' numeric
@attribute 'Average-Sentence-Length{-}' numeric
@attribute 'Average-Syllables-in-Word{-}' numeric
@attribute 'Gunning-Fog-Readability-Index{-}' numeric
@attribute 'Character-Space{-}' numeric
@attribute 'Letter-Space{-}' numeric
@attribute 'Flesch-Reading-Ease-Score{-}' numeric
@attribute authorName {aa,b,c,d,dd,e,f,gg,h,l,mm,n,o,qq,r,t,w,ww,x,z}

@data
{0 249,1 0.491124,2 19,3 26.684211,4 1.593688,5 16.275262,6 2863,7 2304,8 44.924491}
{0 278,1 0.545098,2 20,3 25.5,4 1.67451,5 17.337255,6 2966,7 2384,8 39.288971}
{0 260,1 0.529532,2 22,3 22.318182,4 1.745418,5 17.562711,6 3030,7 2439,8 36.519724}
{0 257,1 0.529897,2 20,3 24.25,4 1.783505,5 18.607216,6 2984,7 2407,8 31.336714}
{0 242,1 0.484,2 21,3 23.809524,4 1.826,5 18.16381,6 3187,7 2589,8 28.188733}
{0 274,1 0.548,2 23,3 21.73913,4 1.646,5 15.095652,6 2877,7 2304,8 45.518183}
{0 252,1 0.521739,2 24,3 20.125,4 1.575569,5 13.68147,6 2756,7 2201,8 53.114957}
{0 261,1 0.530488,2 24,3 20.5,4 1.760163,5 16.16748,6 3047,7 2456,8 37.117744}
{0 248,1 0.496994,2 28,3 17.821429,4 1.839679,5 15.946207,6 3108,7 2507,8 33.109376}
{0 268,1 0.548057,2 22,3 22.227273,4 1.785276,5 16.74367,6 3054,7 2437,8 33.239962}
{0 281,1 0.578189,2 21,3 23.142857,4 1.825103,5 17.5699,6 3114,7 2534,8 28.941296}
{0 256,1 0.513026,2 23,3 21.695652,4 1.577154,5 14.049002,6 2850,7 2276,8 51.386659}
{0 251,1 0.5154,2 21,3 23.190476,4 1.550308,5 15.107813,6 2714,7 2169,8 52.140609}
{0 265,1 0.535354,2 18,3 27.5,4 1.640404,5 18.030303,6 2811,7 2252,8 40.144318}
{0 265,1 0.534274,2 27,3 18.37037,4 1.814516,5 15.573955,6 3260,7 2444,8 34.68101,9 b}
{0 255,1 0.529046,2 30,3 16.066667,4 1.848548,5 15.14036,6 3151,7 2399,8 34.140196,9 b}
{0 287,1 0.602941,2 18,3 26.444444,4 1.970588,5 20.745845,6 3572,7 2539,8 13.282124,9 b}
{0 249,1 0.528662,2 25,3 18.84,4 1.900212,5 17.98186,6 3211,7 2453,8 26.954438,9 b}
{0 210,1 0.43299,2 22,3 22.045455,4 1.727835,5 17.642924,6 3060,7 2266,8 38.284018,9 b}
{0 240,1 0.48583,2 28,3 17.642857,4 1.696356,5 15.72111,6 3138,7 2283,8 45.415759,9 b}
{0 266,1 0.534137,2 28,3 17.785714,4 1.925703,5 18.278944,6 3443,7 2608,8 25.868042,9 b}
{0 221,1 0.452869,2 27,3 18.074074,4 1.938525,5 18.377171,6 3236,7 2535,8 24.490634,9 b}
{0 257,1 0.534304,2 21,3 22.904762,4 1.89605,5 18.974795,6 3338,7 2499,8 23.180845,9 b}
{0 276,1 0.556452,2 19,3 26.105263,4 1.743952,5 18.425976,6 3321,7 2412,8 32.799851,9 b}
{0 290,1 0.594262,2 21,3 23.238095,4 1.723361,5 16.180484,6 3192,7 2407,8 37.452022,9 b}
{0 268,1 0.546939,2 24,3 20.416667,4 1.565306,5 12.819728,6 3163,7 2243,8 53.687185,9 b}
{0 276,1 0.545455,2 23,3 22,4 1.596838,5 13.859289,6 3277,7 2364,8 49.41251,9 b}
{0 241,1 0.503132,2 21,3 22.809524,4 1.693111,5 15.052828,6 3135,7 2383,8 40.446173,9 b}
{0 263,1 0.516699,2 20,3 25.45,4 1.59332,5 15.838153,6 3132,7 2319,8 46.208358,9 b}
{0 277,1 0.559596,2 21,3 23.571429,4 1.70101,5 15.81241,6 3398,7 2487,8 39.004545,9 b}
{0 293,1 0.595528,2 10,3 49.2,4 1.804878,5 28.460488,6 3534,7 2501,8 4.204317,9 b}
{0 216,1 0.432866,2 26,3 19.192308,4 2.062124,5 21.704979,6 3362,7 2784,8 12.899096,9 c}
{0 212,1 0.43002,2 23,3 21.434783,4 1.884381,5 17.661134,6 3167,7 2605,8 25.660034,9 c}
{0 229,1 0.452569,2 24,3 21.083333,4 1.727273,5 16.496574,6 3072,7 2499,8 39.308144,9 c}
{0 232,1 0.467742,2 20,3 24.8,4 1.800403,5 18.468387,6 3116,7 2540,8 29.348887,9 c}
{0 226,1 0.445759,2 22,3 23.045455,4 1.74359,5 16.949937,6 3084,7 2510,8 35.936171,9 c}
{0 217,1 0.449275,2 20,3 24.15,4 1.89648,5 19.266625,6 3144,7 2585,8 21.880514,9 c}
{0 196,1 0.406639,2 24,3 20.083333,4 1.887967,5 17.825864,6 3108,7 2569,8 26.728425,9 c}
{0 238,1 0.473161,2 22,3 22.863636,4 1.856859,5 19.165335,6 3187,7 2625,8 26.538151,9 c}
{0 212,1 0.446316,2 22,3 21.590909,4 1.941053,5 17.478469,6 3135,7 2591,8 20.707175,9 c}
{0 231,1 0.474333,2 25,3 19.48,4 1.850103,5 17.812534,6 3114,7 2565,8 30.544114,9 c}
{0 218,1 0.438632,2 28,3 17.75,4 1.573441,5 13.2167,6 2684,7 2109,8 55.705672,9 c}
{0 260,1 0.507813,2 21,3 24.380952,4 1.693359,5 16.393006,6 2932,7 2359,8 38.83013,9 c}
{0 241,1 0.490835,2 19,3 25.842105,4 1.741344,5 17.180019,6 2929,7 2384,8 33.287544,9 c}
{0 259,1 0.504873,2 19,3 27,4 1.842105,5 18.831189,6 3190,7 2610,8 23.587895,9 c}
{0 223,1 0.433852,2 25,3 20.56,4 1.706226,5 14.527502,6 3036,7 2461,8 41.619907,9 c}
{0 249,1 0.510246,2 27,3 18.074074,4 1.75,5 14.85258,6 2901,7 2351,8 40.439815,9 c}
{0 242,1 0.477318,2 21,3 24.142857,4 1.607495,5 14.627557,6 2848,7 2271,8 46.335917,9 c}
{0 257,1 0.505906,2 18,3 28.222222,4 1.753937,5 18.769204,6 3085,7 2519,8 29.806374,9 c}
{0 259,1 0.525355,2 20,3 24.65,4 1.827586,5 19.75858,6 3295,7 2469,8 27.201457,9 d}
{0 231,1 0.472393,2 24,3 20.375,4 1.766871,5 16.657157,6 3219,7 2379,8 36.677074,9 d}
{0 247,1 0.496982,2 22,3 22.590909,4 1.788732,5 18.694311,6 3265,7 2456,8 32.578467,9 d}
{0 286,1 0.594595,2 25,3 19.24,4 1.825364,5 17.84153,6 3378,7 2449,8 32.88062,9 d}
{0 279,1 0.563636,2 18,3 27.5,4 1.737374,5 19.242424,6 3300,7 2416,8 31.940682,9 d}
{0 278,1 0.567347,2 24,3 20.416667,4 1.810204,5 17.472789,6 3213,7 2417,8 32.968818,9 d}
{0 262,1 0.535787,2 15,3 32.6,4 1.574642,5 19.01137,6 2969,7 2175,8 40.531276,9 d}
{0 247,1 0.497984,2 18,3 27.555556,4 1.739919,5 19.086738,6 3203,7 2440,8 31.668934,9 d}
{0 273,1 0.558282,2 23,3 21.26087,4 1.707566,5 15.293714,6 3177,7 2278,8 40.795095,9 d}
{0 281,1 0.55315,2 17,3 29.882353,4 1.807087,5 20.535618,6 3481,7 2520,8 23.624884,9 d}
{0 275,1 0.541339,2 18,3 28.222222,4 1.777559,5 20.422747,6 3324,7 2491,8 27.807948,9 d}
{0 282,1 0.549708,2 22,3 23.318182,4 1.890838,5 19.229807,6 3495,7 2656,8 23.202133,9 d}
{0 272,1 0.530214,2 21,3 24.428571,4 1.826511,5 19.59599,6 3482,7 2594,8 27.517193,9 d}
{0 254,1 0.533613,2 20,3 23.8,4 1.670168,5 15.738487,6 3018,7 2171,8 41.381782,9 dd}
{0 266,1 0.530938,2 20,3 25.05,4 1.562874,5 14.890259,6 3125,7 2260,8 49.190088,9 dd}
{0 259,1 0.560606,2 17,3 27.176471,4 1.601732,5 16.325134,6 3075,7 2145,8 43.744389,9 dd}
{0 288,1 0.586558,2 21,3 23.380952,4 1.696538,5 16.358491,6 3281,7 2382,8 39.576246,9 dd}
{0 284,1 0.566866,2 19,3 26.368421,4 1.58483,5 16.934594,6 3021,7 2205,8 45.994406,9 dd}
{0 235,1 0.47,2 19,3 26.315789,4 1.404,5 14.286316,6 2841,7 2054,8 61.346074,9 dd}
{0 272,1 0.546185,2 19,3 26.210526,4 1.550201,5 15.865737,6 2982,7 2197,8 49.084328,9 dd}
{0 287,1 0.601677,2 20,3 23.85,4 1.675052,5 15.997023,6 3090,7 2240,8 40.917816,9 dd}
{0 223,1 0.44246,2 14,3 36,4 1.460317,5 18.209524,6 3119,7 2062,8 46.752143,9 dd}
{0 273,1 0.552632,2 20,3 24.7,4 1.657895,5 16.519676,6 3329,7 2343,8 41.506605,9 dd}
{0 275,1 0.542406,2 25,3 20.28,4 1.60355,5 14.344742,6 3136,7 2295,8 50.590445,9 dd}
{0 294,1 0.611227,2 21,3 22.904762,4 1.669439,5 16.646312,6 3238,7 2262,8 42.352155,9 dd}
{0 284,1 0.570281,2 21,3 23.714286,4 1.598394,5 15.509811,6 3241,7 2305,8 47.540904,9 dd}
{0 288,1 0.593814,2 21,3 23.095238,4 1.616495,5 15.671085,6 3161,7 2180,8 46.637869,9 dd}
{0 229,1 0.459839,2 26,3 19.153846,4 1.827309,5 16.978808,6 3150,7 2455,8 32.803485,9 e}
{0 227,1 0.458586,2 28,3 17.678571,4 1.921212,5 18.707792,6 3185,7 2500,8 26.356705,9 e}
{0 259,1 0.528571,2 20,3 24.5,4 1.926531,5 20.738776,6 3147,7 2516,8 18.98301,9 e}
{0 232,1 0.462151,2 21,3 23.904762,4 1.772908,5 17.530032,6 3047,7 2371,8 32.583619,9 e}
{0 231,1 0.472393,2 17,3 28.764706,4 1.811861,5 20.340238,6 3029,7 2397,8 24.355388,9 e}
{0 225,1 0.454545,2 19,3 26.052632,4 1.929293,5 20.441255,6 3123,7 2563,8 17.173397,9 e}
{0 204,1 0.403162,2 15,3 33.733333,4 1.942688,5 24.16527,6 3243,7 2678,8 8.244283,9 e}
{0 252,1 0.529412,2 22,3 21.636364,4 1.953782,5 19.158747,6 3129,7 2539,8 19.584175,9 e}
{0 215,1 0.438776,2 18,3 27.222222,4 1.602041,5 16.76644,6 2838,7 2246,8 43.671791,9 e}
{0 233,1 0.462302,2 18,3 28,4 1.615079,5 17.073016,6 2979,7 2320,8 41.779286,9 e}
{0 222,1 0.466387,2 16,3 29.75,4 1.613445,5 17.614286,6 2814,7 2215,8 40.141271,9 e}
{0 215,1 0.440574,2 14,3 34.857143,4 1.52459,5 18.533021,6 2816,7 2215,8 42.474672,9 e}
{0 227,1 0.459514,2 20,3 24.7,4 1.751012,5 18.462996,6 3069,7 2471,8 33.628872,9 e}
{0 227,1 0.468041,2 17,3 28.529412,4 1.857732,5 21.885992,6 3171,7 2570,8 20.713523,9 e}
{0 221,1 0.440239,2 21,3 23.904762,4 1.776892,5 17.211307,6 3084,7 2471,8 32.246567,9 e}
{0 228,1 0.461538,2 17,3 29.058824,4 1.84413,5 20.773327,6 3179,7 2583,8 21.326934,9 e}
{0 251,1 0.499006,2 20,3 25.15,4 1.727634,5 18.091809,6 3086,7 2453,8 35.149897,9 f}
{0 235,1 0.490605,2 18,3 26.611111,4 1.789144,5 19.245697,6 3007,7 2418,8 28.463136,9 f}
{0 268,1 0.558333,2 16,3 30,4 1.833333,5 22.666667,6 3080,7 2476,8 21.285,9 f}
{0 244,1 0.514768,2 15,3 31.6,4 1.85654,5 23.3573,6 3051,7 2455,8 17.697709,9 f}
{0 271,1 0.574153,2 14,3 33.714286,4 1.830508,5 23.994189,6 3027,7 2415,8 17.753983,9 f}
{0 255,1 0.519348,2 11,3 44.636364,4 1.747454,5 27.549046,6 2951,7 2361,8 13.694468,9 f}
{0 270,1 0.563674,2 16,3 29.9375,4 1.77453,5 20.65976,6 3015,7 2373,8 26.323177,9 f}
{0 266,1 0.525692,2 18,3 28.111111,4 1.652174,5 18.121915,6 2981,7 2358,8 38.528309,9 f}
{0 271,1 0.572939,2 13,3 36.384615,4 1.868922,5 25.293804,6 3127,7 2501,8 11.793833,9 f}
{0 278,1 0.556,2 17,3 29.411765,4 1.754,5 20.324706,6 3071,7 2483,8 28.593659,9 f}
{0 263,1 0.530242,2 14,3 35.428571,4 1.752016,5 22.558525,6 3041,7 2381,8 22.654435,9 f}
{0 278,1 0.549407,2 10,3 50.6,4 1.695652,5 28.145138,6 3146,7 2484,8 12.023826,9 f}
{0 271,1 0.535573,2 17,3 29.764706,4 1.814229,5 22.340665,6 3213,7 2589,8 23.140029,9 f}
{0 270,1 0.541082,2 16,3 31.1875,4 1.699399,5 20.170391,6 3055,7 2449,8 31.410549,9 f}
{0 252,1 0.514286,2 16,3 30.625,4 1.773469,5 21.964286,6 3073,7 2468,8 25.715115,9 f}
{0 254,1 0.50297,2 17,3 29.705882,4 1.829703,5 21.545719,6 3160,7 2536,8 21.890658,9 f}
{0 273,1 0.523992,2 14,3 37.214286,4 1.715931,5 23.02391,6 3153,7 2528,8 23.894746,9 f}
{0 283,1 0.557087,2 17,3 29.882353,4 1.624016,5 18.252154,6 2998,7 2370,8 39.112679,9 gg}
{0 293,1 0.567829,2 13,3 39.692308,4 1.655039,5 22.311032,6 3130,7 2450,8 26.531029,9 gg}
{0 253,1 0.498031,2 23,3 22.086957,4 1.511811,5 13.401712,6 2837,7 2172,8 56.517527,9 gg}
{0 242,1 0.49187,2 17,3 28.941176,4 1.739837,5 19.869154,6 2973,7 2384,8 30.269462,9 gg}
{0 198,1 0.404908,2 17,3 28.764706,4 1.785276,5 20.258439,6 2914,7 2371,8 26.604468,9 gg}
{0 201,1 0.411885,2 17,3 28.705882,4 1.807377,5 21.482353,6 2979,7 2423,8 24.794431,9 gg}
{0 195,1 0.409664,2 18,3 26.444444,4 1.77521,5 19.149206,6 2793,7 2263,8 29.811116,9 gg}
{0 211,1 0.426263,2 23,3 21.521739,4 1.876768,5 19.275362,6 3022,7 2479,8 26.215889,9 gg}
{0 233,1 0.460474,2 21,3 24.095238,4 1.561265,5 14.381178,6 2847,7 2260,8 50.295329,9 gg}
{0 267,1 0.531873,2 21,3 23.904762,4 1.412351,5 12.749156,6 2727,7 2138,8 63.086806,9 gg}
{0 262,1 0.543568,2 21,3 22.952381,4 1.537344,5 13.911243,6 2742,7 2166,8 53.478997,9 gg}
{0 207,1 0.413174,2 18,3 27.833333,4 1.62475,5 17.360878,6 2872,7 2298,8 41.130274,9 gg}
{0 241,1 0.483936,2 25,3 19.92,4 1.604418,5 13.59049,6 2877,7 2270,8 50.882465,9 gg}
{0 218,1 0.449485,2 23,3 21.086957,4 1.531959,5 12.805917,6 2693,7 2116,8 55.828028,9 gg}
{0 254,1 0.513131,2 24,3 20.625,4 1.840404,5 16.977273,6 3169,7 2572,8 30.202443,9 h}
{0 264,1 0.532258,2 21,3 23.619048,4 1.97379,5 21.302458,6 3352,7 2761,8 15.879005,9 h}
{0 217,1 0.460722,2 27,3 17.444444,4 1.963907,5 18.782449,6 3039,7 2456,8 22.982392,9 h}
{0 240,1 0.48583,2 20,3 24.7,4 1.917004,5 20.244372,6 3193,7 2591,8 19.585957,9 h}
{0 222,1 0.439604,2 20,3 25.25,4 1.809901,5 18.020792,6 3086,7 2507,8 28.088626,9 h}
{0 253,1 0.515275,2 19,3 25.842105,4 1.863544,5 20.438675,6 3125,7 2548,8 22.949459,9 h}
{0 225,1 0.453629,2 19,3 26.105263,4 1.762097,5 18.506621,6 2984,7 2404,8 31.264771,9 h}
{0 259,1 0.524291,2 23,3 21.478261,4 1.923077,5 19.198592,6 3199,7 2615,8 22.342258,9 h}
{0 256,1 0.510978,2 22,3 22.772727,4 1.912176,5 19.727853,6 3223,7 2562,8 21.950622,9 h}
{0 248,1 0.505092,2 25,3 19.64,4 2.081466,5 21.460888,6 3390,7 2749,8 10.808343,9 h}
{0 259,1 0.519038,2 19,3 26.263158,4 1.861723,5 20.284822,6 3249,7 2642,8 22.676091,9 h}
{0 251,1 0.510163,2 24,3 20.5,4 1.737805,5 15.110569,6 3032,7 2355,8 39.009207,9 h}
{0 263,1 0.516699,2 22,3 23.136364,4 1.80943,5 18.52763,6 3258,7 2606,8 30.273791,9 h}
{0 244,1 0.495935,2 20,3 24.6,4 1.825203,5 19.84,6 3054,7 2469,8 27.453805,9 h}
{0 235,1 0.47,2 23,3 21.73913,4 1.796,5 17.815652,6 3046,7 2470,8 32.828183,9 h}
{0 249,1 0.492095,2 19,3 26.631579,4 1.824111,5 19.269232,6 3200,7 2584,8 25.484185,9 h}
{0 246,1 0.495968,2 27,3 18.37037,4 1.895161,5 17.348148,6 3258,7 2653,8 27.858429,9 h}
{0 261,1 0.509766,2 23,3 22.26087,4 1.8125,5 17.732473,6 3251,7 2645,8 30.902717,9 h}
{0 285,1 0.584016,2 15,3 32.533333,4 1.784836,5 21.128087,6 3070,7 2431,8 22.816536,9 l}
{0 284,1 0.618736,2 18,3 25.5,4 1.949891,5 21.703268,6 3043,7 2458,8 15.991716,9 l}
{0 302,1 0.62268,2 15,3 32.333333,4 1.874227,5 22.665292,6 3168,7 2528,8 15.457079,9 l}
{0 289,1 0.612288,2 18,3 26.222222,4 1.904661,5 21.336347,6 3131,7 2524,8 19.085122,9 l}
{0 279,1 0.580042,2 19,3 25.315789,4 1.66736,5 16.695962,6 2814,7 2244,8 40.080846,9 l}
{0 299,1 0.613963,2 23,3 21.173913,4 1.833676,5 17.997286,6 3141,7 2568,8 30.214525,9 l}
{0 271,1 0.56341,2 31,3 15.516129,4 1.694387,5 13.940339,6 2911,7 2276,8 47.741015,9 l}
{0 259,1 0.525355,2 26,3 18.961538,4 1.610548,5 13.101857,6 2918,7 2270,8 51.336706,9 l}
{0 291,1 0.612632,2 20,3 23.75,4 1.698947,5 16.405263,6 2924,7 2307,8 38.997803,9 l}
{0 282,1 0.579055,2 18,3 27.055556,4 1.691992,5 18.37869,6 2933,7 2320,8 36.231106,9 l}
{0 290,1 0.606695,2 17,3 28.117647,4 1.73431,5 19.61526,6 2871,7 2288,8 31.572994,9 l}
{0 282,1 0.574338,2 18,3 27.277778,4 1.647658,5 17.591356,6 2883,7 2249,8 39.756202,9 l}
{0 285,1 0.603814,2 19,3 24.842105,4 1.794492,5 18.157181,6 3041,7 2351,8 29.80628,9 l}
{0 272,1 0.570231,2 13,3 36.692308,4 1.716981,5 21.888663,6 2907,7 2294,8 24.335704,9 l}
{0 231,1 0.462926,2 29,3 17.206897,4 1.657315,5 14.177348,6 2849,7 2227,8 49.161182,9 mm}
{0 231,1 0.462,2 22,3 22.727273,4 1.758,5 17.570909,6 2961,7 2373,8 35.040018,9 mm}
{0 262,1 0.519841,2 25,3 20.16,4 1.704365,5 15.762413,6 2945,7 2358,8 42.183314,9 mm}
{0 248,1 0.497992,2 27,3 18.444444,4 1.728916,5 15.490228,6 2899,7 2295,8 41.847624,9 mm}
{0 238,1 0.474104,2 16,3 31.375,4 1.418327,5 15.816932,6 2651,7 2036,8 54.998937,9 mm}
{0 248,1 0.491089,2 22,3 22.954545,4 1.647525,5 15.835284,6 2860,7 2238,8 44.155542,9 mm}
{0 249,1 0.507128,2 23,3 21.347826,4 1.663951,5 15.952572,6 2823,7 2261,8 44.396692,9 mm}
{0 276,1 0.563265,2 22,3 22.272727,4 1.761224,5 16.745826,6 3026,7 2432,8 35.22859,9 mm}
{0 266,1 0.519531,2 21,3 24.380952,4 1.613281,5 15.689881,6 2935,7 2360,8 45.60474,9 mm}
{0 214,1 0.441237,2 20,3 24.25,4 1.923711,5 19.349485,6 3053,7 2504,8 19.475271,9 mm}
{0 245,1 0.489022,2 25,3 20.04,4 1.884232,5 16.958116,6 3141,7 2569,8 27.088412,9 mm}
{0 240,1 0.48583,2 23,3 21.478261,4 1.888664,5 18.469847,6 3070,7 2500,8 25.253594,9 mm}
{0 239,1 0.488753,2 19,3 25.736842,4 1.850716,5 19.292692,6 3090,7 2499,8 24.141553,9 mm}
{0 238,1 0.484725,2 18,3 27.277778,4 1.800407,5 20.116814,6 3012,7 2436,8 26.833595,9 mm}
{0 234,1 0.464286,2 23,3 21.913043,4 1.676587,5 15.828709,6 2957,7 2348,8 42.753975,9 n}
{0 250,1 0.514403,2 20,3 24.3,4 1.72428,5 17.868148,6 2958,7 2330,8 36.296426,9 n}
{0 241,1 0.483936,2 20,3 24.9,4 1.710843,5 17.590522,6 3020,7 2407,8 36.824151,9 n}
{0 281,1 0.55754,2 23,3 21.913043,4 1.777778,5 17.336646,6 3100,7 2463,8 34.193261,9 n}
{0 267,1 0.536145,2 21,3 23.714286,4 1.835341,5 18.240734,6 3119,7 2509,8 27.49512,9 n}
{0 264,1 0.545455,2 19,3 25.473684,4 1.826446,5 18.70187,6 3098,7 2495,8 26.461855,9 n}
{0 256,1 0.552916,2 18,3 25.722222,4 1.794816,5 19.532949,6 3011,7 2354,8 28.885476,9 n}
{0 259,1 0.545263,2 23,3 20.652174,4 1.791579,5 17.271396,6 3025,7 2378,8 34.305465,9 n}
{0 250,1 0.519751,2 18,3 26.722222,4 1.810811,5 19.088057,6 3096,7 2475,8 26.51735,9 n}
{0 257,1 0.536534,2 20,3 23.95,4 1.912317,5 20.185428,6 3173,7 2541,8 20.743704,9 n}
{0 261,1 0.531568,2 21,3 23.380952,4 1.771894,5 17.417554,6 3024,7 2445,8 33.201093,9 n}
{0 284,1 0.596639,2 21,3 22.666667,4 1.796218,5 17.301961,6 3033,7 2468,8 31.868249,9 n}
{0 232,1 0.491525,2 19,3 24.842105,4 1.677966,5 16.801249,6 2869,7 2288,8 39.664331,9 n}
{0 285,1 0.585216,2 24,3 20.291667,4 1.511294,5 12.716256,6 2919,7 2042,8 58.383517,9 o}
{0 292,1 0.58871,2 21,3 23.619048,4 1.768145,5 17.996006,6 3152,7 2394,8 33.276586,9 o}
{0 228,1 0.466258,2 12,3 40.75,4 1.842536,5 26.115951,6 3088,7 2469,8 9.595222,9 o}
{0 274,1 0.572025,2 14,3 34.214286,4 1.820459,5 23.12204,6 3194,7 2407,8 18.096644,9 o}
{0 294,1 0.602459,2 17,3 28.705882,4 1.538934,5 15.99055,6 2984,7 2106,8 47.504677,9 o}
{0 253,1 0.522727,2 19,3 25.473684,4 1.840909,5 20.106829,6 3015,7 2445,8 25.238301,9 o}
{0 234,1 0.468938,2 20,3 24.95,4 1.945892,5 20.881804,6 3323,7 2714,8 16.888305,9 o}
{0 281,1 0.578189,2 17,3 28.588235,4 1.90535,5 21.805664,6 3132,7 2523,8 16.625349,9 o}
{0 272,1 0.552846,2 21,3 23.428571,4 1.977642,5 20.590941,6 3322,7 2686,8 15.746463,9 o}
{0 283,1 0.561508,2 17,3 29.647059,4 2.031746,5 23.128665,6 3404,7 2752,8 4.857521,9 o}
{0 291,1 0.584337,2 15,3 33.2,4 1.797189,5 23.320161,6 3280,7 2502,8 21.094831,9 o}
{0 268,1 0.553719,2 18,3 26.888889,4 1.657025,5 17.284481,6 2937,7 2291,8 39.35848,9 o}
{0 279,1 0.553571,2 16,3 31.5,4 1.759921,5 20.139683,6 3140,7 2487,8 25.973214,9 o}
{0 277,1 0.558468,2 16,3 31,4 1.747984,5 20.383871,6 3084,7 2443,8 27.490565,9 o}
{0 273,1 0.547094,2 11,3 45.363636,4 1.54509,5 23.035234,6 3045,7 2221,8 30.07628,9 o}
{0 241,1 0.482966,2 23,3 21.695652,4 2.032064,5 21.423752,6 3307,7 2723,8 12.901288,9 qq}
{0 230,1 0.465587,2 20,3 24.7,4 2.044534,5 23.726154,6 3355,7 2771,8 8.796889,9 qq}
{0 274,1 0.548,2 23,3 21.73913,4 1.946,5 20.375652,6 3267,7 2663,8 20.138183,9 qq}
{0 249,1 0.511294,2 25,3 19.48,4 1.909651,5 18.141076,6 3187,7 2588,8 25.506332,9 qq}
{0 258,1 0.527607,2 23,3 21.26087,4 1.869121,5 18.0749,6 3047,7 2427,8 27.12761,9 qq}
{0 245,1 0.521277,2 18,3 26.111111,4 1.893617,5 21.167849,6 3012,7 2445,8 20.132222,9 qq}
{0 276,1 0.559838,2 18,3 27.388889,4 1.874239,5 20.36732,6 3136,7 2511,8 20.474629,9 qq}
{0 270,1 0.546559,2 19,3 26,4 1.955466,5 22.464777,6 3262,7 2656,8 15.012611,9 qq}
{0 265,1 0.540816,2 18,3 27.222222,4 1.828571,5 21.256236,6 3089,7 2464,8 24.507302,9 qq}
{0 256,1 0.520325,2 19,3 25.894737,4 1.900407,5 21.008301,6 3188,7 2597,8 19.777452,9 qq}
{0 250,1 0.497018,2 19,3 26.473684,4 1.755467,5 19.496034,6 3081,7 2488,8 31.451686,9 qq}
{0 281,1 0.578189,2 21,3 23.142857,4 1.860082,5 19.627513,6 3097,7 2502,8 25.982037,9 qq}
{0 271,1 0.530333,2 18,3 28.388889,4 1.949119,5 21.609959,6 3280,7 2659,8 13.124779,9 qq}
{0 258,1 0.51497,2 16,3 31.3125,4 1.974052,5 23.622804,6 3288,7 2699,8 8.048022,9 qq}
{0 260,1 0.527383,2 17,3 29,4 2.141988,5 24.419473,6 3481,7 2878,8 -3.81217,9 qq}
{0 260,1 0.531697,2 18,3 27.166667,4 1.97546,5 22.482209,6 3262,7 2672,8 12.136907,9 qq}
{0 262,1 0.522954,2 16,3 31.3125,4 1.898204,5 23.542964,6 3198,7 2613,8 14.464789,9 qq}
{0 269,1 0.530572,2 20,3 25.35,4 1.944773,5 21.027574,6 3337,7 2717,8 16.576939,9 qq}
{0 258,1 0.525458,2 17,3 28.882353,4 1.89002,5 21.736241,6 3118,7 2519,8 17.623689,9 qq}
{0 249,1 0.50303,2 21,3 23.571429,4 1.919192,5 20.01443,6 3180,7 2595,8 20.546364,9 qq}
{0 267,1 0.555094,2 19,3 25.315789,4 1.756757,5 18.525484,6 2948,7 2343,8 32.517852,9 qq}
{0 285,1 0.571142,2 19,3 26.263158,4 1.769539,5 19.162578,6 3099,7 2468,8 30.474889,9 qq}
{0 267,1 0.529762,2 17,3 29.647059,4 1.80754,5 20.906443,6 3133,7 2549,8 23.825378,9 qq}
{0 250,1 0.498008,2 31,3 16.193548,4 1.49004,5 10.700527,6 2769,7 2171,8 64.341178,9 r}
{0 230,1 0.470348,2 36,3 13.583333,4 1.355828,5 8.05092,6 2488,7 1916,8 78.344849,9 r}
{0 241,1 0.484909,2 34,3 14.617647,4 1.39839,5 8.824926,6 2652,7 2064,8 73.694265,9 r}
{0 280,1 0.576132,2 34,3 14.294118,4 1.479424,5 9.009828,6 2838,7 2119,8 67.167211,9 r}
{0 280,1 0.583333,2 35,3 13.714286,4 1.5125,5 9.319048,6 2829,7 2122,8 64.9575,9 r}
{0 242,1 0.512712,2 30,3 15.733333,4 1.413136,5 9.089944,6 2648,7 1997,8 71.314395,9 r}
{0 215,1 0.444215,2 24,3 20.166667,4 1.582645,5 13.190634,6 2632,7 2044,8 52.474098,9 r}
{0 227,1 0.474895,2 24,3 19.916667,4 1.554393,5 12.820223,6 2528,7 1933,8 55.11791,9 r}
{0 251,1 0.499006,2 28,3 17.964286,4 1.379722,5 10.525675,6 2622,7 1999,8 71.876797,9 r}
{0 253,1 0.517382,2 31,3 15.774194,4 1.423313,5 9.499861,6 2568,7 1975,8 70.411924,9 r}
{0 258,1 0.525458,2 36,3 13.638889,4 1.419552,5 8.714211,6 2662,7 2024,8 72.897434,9 r}
{0 238,1 0.485714,2 26,3 18.846154,4 1.418367,5 10.55887,6 2691,7 2073,8 67.712276,9 r}
{0 250,1 0.505051,2 35,3 14.142857,4 1.428283,5 8.647042,6 2723,7 2063,8 71.647273,9 r}
{0 239,1 0.478958,2 41,3 12.170732,4 1.42485,5 7.593744,6 2722,7 2025,8 73.939423,9 r}
{0 241,1 0.492843,2 20,3 24.45,4 1.709611,5 17.387362,6 2875,7 2321,8 37.385121,9 t}
{0 264,1 0.54321,2 19,3 25.578947,4 1.781893,5 18.955859,6 2947,7 2387,8 30.12422,9 t}
{0 251,1 0.512245,2 13,3 37.692308,4 1.761224,5 23.321821,6 2987,7 2401,8 19.577716,9 t}
{0 276,1 0.559838,2 15,3 32.866667,4 2.077079,5 24.667965,6 3375,7 2747,8 -2.245559,9 t}
{0 246,1 0.497976,2 18,3 27.444444,4 1.811741,5 20.208547,6 3029,7 2458,8 25.70561,9 t}
{0 252,1 0.514286,2 21,3 23.333333,4 1.761224,5 16.92517,6 2895,7 2345,8 34.152075,9 t}
{0 245,1 0.479452,2 18,3 28.388889,4 1.906067,5 20.983736,6 3215,7 2645,8 16.767049,9 t}
{0 258,1 0.525458,2 18,3 27.277778,4 1.88391,5 19.546549,6 3074,7 2524,8 19.769237,9 t}
{0 251,1 0.518595,2 14,3 34.571429,4 2.018595,5 24.324439,6 3181,7 2627,8 0.97186,9 t}
{0 266,1 0.521569,2 18,3 28.333333,4 1.637255,5 16.980392,6 2898,7 2320,8 39.564902,9 t}
{0 273,1 0.54491,2 27,3 18.555556,4 1.646707,5 13.250566,6 2866,7 2239,8 48.689734,9 t}
{0 258,1 0.530864,2 19,3 25.578947,4 1.884774,5 19.6966,6 3095,7 2538,8 21.420517,9 t}
{0 264,1 0.531187,2 21,3 23.666667,4 1.736419,5 17.032059,6 2935,7 2363,8 35.912327,9 t}
{0 260,1 0.527383,2 17,3 29,4 1.969574,5 22.87789,6 3402,7 2718,8 10.774037,9 w}
{0 275,1 0.563525,2 12,3 40.666667,4 1.977459,5 27.33224,6 3371,7 2738,8 -1.734699,9 w}
{0 260,1 0.516899,2 28,3 17.964286,4 1.66004,5 14.183726,6 2986,7 2375,8 48.161886,9 w}
{0 248,1 0.50924,2 28,3 17.392857,4 1.718686,5 15.170695,6 2982,7 2402,8 43.780429,9 w}
{0 241,1 0.503132,2 20,3 23.95,4 1.822547,5 19.016326,6 3043,7 2457,8 28.338276,9 w}
{0 218,1 0.453222,2 19,3 25.315789,4 1.852391,5 18.941285,6 3116,7 2544,8 24.427208,9 w}
{0 220,1 0.449898,2 26,3 18.807692,4 1.871166,5 17.175429,6 3192,7 2598,8 29.444579,9 w}
{0 251,1 0.50503,2 21,3 23.666667,4 1.794769,5 18.561234,6 3114,7 2528,8 30.975909,9 w}
{0 241,1 0.502083,2 19,3 25.263158,4 1.802083,5 19.355263,6 2968,7 2386,8 28.736645,9 w}
{0 261,1 0.529412,2 18,3 27.388889,4 1.713996,5 17.852107,6 2876,7 2273,8 34.031221,9 w}
{0 264,1 0.547718,2 17,3 28.352941,4 1.688797,5 18.146156,6 2860,7 2259,8 35.184566,9 w}
{0 239,1 0.498956,2 18,3 26.611111,4 1.659708,5 17.325029,6 2932,7 2293,8 39.413449,9 w}
{0 226,1 0.471816,2 13,3 36.846154,4 1.665971,5 20.834495,6 2825,7 2250,8 28.495026,9 w}
{0 223,1 0.468487,2 14,3 34,4 1.621849,5 19.566387,6 2784,7 2206,8 35.116597,9 w}
{0 260,1 0.525253,2 24,3 20.625,4 1.60404,5 14.310606,6 2928,7 2321,8 50.198807,9 ww}
{0 249,1 0.502016,2 28,3 17.714286,4 1.554435,5 11.601843,6 2871,7 2250,8 57.349758,9 ww}
{0 247,1 0.509278,2 25,3 19.4,4 1.546392,5 12.625979,6 2768,7 2176,8 56.319258,9 ww}
{0 246,1 0.5125,2 24,3 20,4 1.635417,5 14.166667,6 2815,7 2236,8 48.17875,9 ww}
{0 204,1 0.409639,2 25,3 19.92,4 1.819277,5 17.526233,6 3032,7 2426,8 32.705357,9 ww}
{0 228,1 0.469136,2 30,3 16.2,4 1.757202,5 14.29893,6 2984,7 2402,8 41.732741,9 ww}
{0 251,1 0.508097,2 32,3 15.4375,4 1.740891,5 13.705364,6 2962,7 2361,8 43.886585,9 ww}
{0 244,1 0.480315,2 30,3 16.933333,4 1.677165,5 13.544987,6 3056,7 2447,8 47.759478,9 ww}
{0 214,1 0.447699,2 32,3 14.9375,4 1.648536,5 10.744874,6 2756,7 2145,8 52.207329,9 ww}
{0 260,1 0.534979,2 28,3 17.357143,4 1.853909,5 17.313228,6 3046,7 2463,8 32.376759,9 ww}
{0 253,1 0.50099,2 25,3 20.2,4 1.867327,5 18.535446,6 3144,7 2563,8 28.356158,9 ww}
{0 247,1 0.488142,2 27,3 18.740741,4 1.966403,5 20.223569,6 3268,7 2680,8 21.455441,9 ww}
{0 226,1 0.45935,2 30,3 16.4,4 1.823171,5 15.58439,6 3160,7 2523,8 35.948756,9 ww}
{0 225,1 0.461066,2 27,3 18.074074,4 1.766393,5 15.508318,6 3007,7 2387,8 39.05293,9 ww}
{0 251,1 0.514344,2 25,3 19.52,4 1.846311,5 18.217836,6 3074,7 2493,8 30.824249,9 ww}
{0 247,1 0.505112,2 18,3 27.166667,4 1.936605,5 21.582413,6 3213,7 2521,8 15.424024,9 x}
{0 263,1 0.530242,2 15,3 33.066667,4 1.828629,5 22.097634,6 3112,7 2449,8 18.570317,9 x}
{0 256,1 0.515091,2 25,3 19.88,4 1.774648,5 16.402704,6 3022,7 2355,8 36.521589,9 x}
{0 243,1 0.488934,2 32,3 15.53125,4 1.716298,5 13.938858,6 2965,7 2345,8 45.871988,9 x}
{0 250,1 0.513347,2 25,3 19.48,4 1.728953,5 14.527113,6 2970,7 2352,8 40.793395,9 x}
{0 274,1 0.540434,2 24,3 21.125,4 1.759369,5 16.812919,6 3039,7 2406,8 36.550521,9 x}
{0 274,1 0.551308,2 25,3 19.88,4 1.698189,5 15.919807,6 2945,7 2332,8 42.989999,9 x}
{0 261,1 0.524096,2 31,3 16.064516,4 1.660643,5 12.449903,6 2976,7 2330,8 50.039155,9 x}
{0 273,1 0.547094,2 26,3 19.192308,4 1.719439,5 14.731031,6 2988,7 2348,8 41.890279,9 x}
{0 244,1 0.504132,2 18,3 26.888889,4 1.731405,5 18.193572,6 2913,7 2301,8 33.065918,9 x}
{0 254,1 0.499018,2 27,3 18.851852,4 1.683694,5 14.220505,6 2947,7 2306,8 45.259899,9 x}
{0 248,1 0.504065,2 23,3 21.391304,4 1.760163,5 16.849205,6 2945,7 2303,8 36.21307,9 x}
{0 234,1 0.472727,2 24,3 20.625,4 1.741414,5 16.007576,6 2972,7 2341,8 38.576989,9 x}
{0 245,1 0.521277,2 20,3 23.5,4 1.768085,5 17.570213,6 2938,7 2349,8 33.4025,9 z}
{0 264,1 0.538776,2 22,3 22.272727,4 1.779592,5 18.215213,6 2987,7 2402,8 33.674712,9 z}
{0 255,1 0.524691,2 27,3 18,4 1.639918,5 12.879012,6 2835,7 2231,8 49.827963,9 z}
{0 269,1 0.534791,2 31,3 16.225806,4 1.683897,5 13.567857,6 3021,7 2380,8 47.908152,9 z}
{0 267,1 0.553942,2 24,3 20.083333,4 1.744813,5 15.502213,6 3011,7 2396,8 38.839213,9 z}
{0 260,1 0.548523,2 25,3 18.96,4 1.770042,5 15.263325,6 2984,7 2363,8 37.84503,9 z}
{0 291,1 0.584337,2 21,3 23.714286,4 1.993976,5 21.533907,6 3340,7 2699,8 14.074639,9 z}

Calculating InfoGain on the training set's features
===================================================
Features InfoGain score (non-zero only):
----------------------------------------
> Flesch-Reading-Ease-Score{-}       0.461830
> Gunning-Fog-Readability-Index{-}   0.349716
> Complexity{-}                      0.343934
> Sentence-Count{-}                  0.333416
> Average-Sentence-Length{-}         0.325451
> Character-Space{-}                 0.304030

Feature-type breakdown:
-----------------------
> Letter-Space                    0.000000 (0.00%)
> Sentence-Count                  0.333416 (15.74%)
> Unique-Words-Count              0.000000 (0.00%)
> Average-Syllables-in-Word       0.000000 (0.00%)
> Complexity                      0.343934 (16.24%)
> Gunning-Fog-Readability-Index   0.349716 (16.51%)
> Average-Sentence-Length         0.325451 (15.36%)
> Flesch-Reading-Ease-Score       0.461830 (21.80%)
> Character-Space                 0.304030 (14.35%)

done!

2013-03-22, 16:30:53 Starting 10-folds cross-validation on training corpus phase...

================================================================================

Running analysis with classifier 1 out of 1:
> Classifier: weka.classifiers.functions.SMO
> Options:    -C 1.0 -L 0.0010 -P 1.0E-12 -N 0 -V -1 -W 1 -K weka.classifiers.functions.supportVector.PolyKernel -C 250007 -E 1.0 

2013-03-22, 16:30:53 Starting cross validation...
2013-03-22, 16:31:09 done!

=== Summary ===

Correctly Classified Instances          85               28.7162 %
Incorrectly Classified Instances       211               71.2838 %
Kappa statistic                          0.2429
Mean absolute error                      0.0919
Root mean squared error                  0.2128
Relative absolute error                 96.9497 %
Root relative squared error             97.7628 %
Total Number of Instances              296     

=== Detailed Accuracy By Class ===

               TP Rate   FP Rate   Precision   Recall  F-Measure   ROC Area  Class
                 0.286     0.092      0.133     0.286     0.182      0.743    aa
                 0.176     0.036      0.231     0.176     0.2        0.805    b
                 0.5       0.112      0.225     0.5       0.31       0.82     c
                 0         0          0         0         0          0.81     d
                 0.857     0.035      0.545     0.857     0.667      0.964    dd
                 0         0.011      0         0         0          0.861    e
                 0.412     0.029      0.467     0.412     0.437      0.892    f
                 0.143     0.05       0.125     0.143     0.133      0.827    gg
                 0.222     0.079      0.154     0.222     0.182      0.834    h
                 0.643     0.032      0.5       0.643     0.563      0.909    l
                 0         0.021      0         0         0          0.648    mm
                 0         0          0         0         0          0.577    n
                 0         0.007      0         0         0          0.772    o
                 0.739     0.183      0.254     0.739     0.378      0.857    qq
                 0.929     0.018      0.722     0.929     0.813      0.992    r
                 0         0          0         0         0          0.629    t
                 0         0          0         0         0          0.58     w
                 0.333     0.053      0.25      0.333     0.286      0.851    ww
                 0         0          0         0         0          0.71     x
                 0         0          0         0         0          0.446    z
Weighted Avg.    0.287     0.045      0.191     0.287     0.222      0.792

=== Confusion Matrix ===

  a  b  c  d  e  f  g  h  i  j  k  l  m  n  o  p  q  r  s  t   <-- classified as
  4  1  0  0  1  0  0  2  2  2  0  0  0  2  0  0  0  0  0  0 |  a = aa
  0  3  2  0  4  0  1  0  1  0  1  0  0  3  0  0  0  2  0  0 |  b = b
  2  0  9  0  0  0  0  0  2  0  1  0  0  2  1  0  0  1  0  0 |  c = c
  0  5  1  0  2  0  0  0  2  0  0  0  0  3  0  0  0  0  0  0 |  d = d
  0  0  0  0 12  0  0  2  0  0  0  0  0  0  0  0  0  0  0  0 |  e = dd
  0  0 10  0  0  0  0  4  0  0  0  0  0  2  0  0  0  0  0  0 |  f = e
  1  0  1  0  0  0  7  0  1  0  0  0  0  7  0  0  0  0  0  0 |  g = f
  1  0  3  0  1  3  0  2  0  1  0  0  1  0  1  0  0  1  0  0 |  h = gg
  0  0  5  0  0  0  0  0  4  0  1  0  0  8  0  0  0  0  0  0 |  i = h
  2  0  0  0  0  0  1  0  0  9  0  0  1  0  0  0  0  1  0  0 |  j = l
  4  0  3  0  0  0  0  1  3  1  0  0  0  0  0  0  0  2  0  0 |  k = mm
  2  2  1  0  0  0  0  1  0  1  1  0  0  5  0  0  0  0  0  0 |  l = n
  0  0  0  0  2  0  5  0  1  2  0  0  0  5  0  0  0  0  0  0 |  m = o
  1  0  0  0  0  0  0  0  3  2  0  0  0 17  0  0  0  0  0  0 |  n = qq
  0  0  0  0  0  0  0  1  0  0  0  0  0  0 13  0  0  0  0  0 |  o = r
  3  0  1  0  0  0  1  0  0  0  1  0  0  7  0  0  0  0  0  0 |  p = t
  2  0  2  0  0  0  0  3  3  0  0  0  0  2  0  0  0  2  0  0 |  q = w
  2  0  1  0  0  0  0  0  4  0  0  0  0  0  3  0  0  5  0  0 |  r = ww
  4  1  1  0  0  0  0  0  0  0  1  0  0  2  0  0  0  4  0  0 |  s = x
  2  1  0  0  0  0  0  0  0  0  0  0  0  2  0  0  0  2  0  0 |  t = z

