============================ JStylo Analysis Output ============================
Started analysis on 2013-03-22, 16:31:09
Running 10-folds cross validation on training corpus

Training corpus:
> aa (14 documents)
> bb (19 documents)
> cc (18 documents)
> d (13 documents)
> dd (14 documents)
> g (16 documents)
> jj (15 documents)
> k (19 documents)
> ll (13 documents)
> m (14 documents)
> mm (14 documents)
> o (15 documents)
> q (15 documents)
> qq (23 documents)
> r (14 documents)
> s (14 documents)
> t (13 documents)
> u (15 documents)
> uu (18 documents)
> z (13 documents)

Feature set: 9 feature-set:
> Unique Words Count
> Complexity
> Sentence Count
> Average Sentence Length
> Average Syllables in Word
> Gunning-Fog Readability Index
> Character Space
> Letter Space
> Flesch Reading Ease Score

Classifiers used:
> weka.classifiers.functions.SMO                    	-C 1.0 -L 0.0010 -P 1.0E-12 -N 0 -V -1 -W 1 -K weka.classifiers.functions.supportVector.PolyKernel -C 250007 -E 1.0 

================================================================================

2013-03-22, 16:31:09 Extracting features from training corpus (using sparse representation)...
2013-03-22, 16:31:15 done!

Training corpus features (ARFF):
================================
@relation JStylo

@attribute 'Unique-Words-Count{-}' numeric
@attribute 'Complexity{-}' numeric
@attribute 'Sentence-Count{-}' numeric
@attribute 'Average-Sentence-Length{-}' numeric
@attribute 'Average-Syllables-in-Word{-}' numeric
@attribute 'Gunning-Fog-Readability-Index{-}' numeric
@attribute 'Character-Space{-}' numeric
@attribute 'Letter-Space{-}' numeric
@attribute 'Flesch-Reading-Ease-Score{-}' numeric
@attribute authorName {aa,bb,cc,d,dd,g,jj,k,ll,m,mm,o,q,qq,r,s,t,u,uu,z}

@data
{0 249,1 0.491124,2 19,3 26.684211,4 1.593688,5 16.275262,6 2863,7 2304,8 44.924491}
{0 278,1 0.545098,2 20,3 25.5,4 1.67451,5 17.337255,6 2966,7 2384,8 39.288971}
{0 260,1 0.529532,2 22,3 22.318182,4 1.745418,5 17.562711,6 3030,7 2439,8 36.519724}
{0 257,1 0.529897,2 20,3 24.25,4 1.783505,5 18.607216,6 2984,7 2407,8 31.336714}
{0 242,1 0.484,2 21,3 23.809524,4 1.826,5 18.16381,6 3187,7 2589,8 28.188733}
{0 274,1 0.548,2 23,3 21.73913,4 1.646,5 15.095652,6 2877,7 2304,8 45.518183}
{0 252,1 0.521739,2 24,3 20.125,4 1.575569,5 13.68147,6 2756,7 2201,8 53.114957}
{0 261,1 0.530488,2 24,3 20.5,4 1.760163,5 16.16748,6 3047,7 2456,8 37.117744}
{0 248,1 0.496994,2 28,3 17.821429,4 1.839679,5 15.946207,6 3108,7 2507,8 33.109376}
{0 268,1 0.548057,2 22,3 22.227273,4 1.785276,5 16.74367,6 3054,7 2437,8 33.239962}
{0 281,1 0.578189,2 21,3 23.142857,4 1.825103,5 17.5699,6 3114,7 2534,8 28.941296}
{0 256,1 0.513026,2 23,3 21.695652,4 1.577154,5 14.049002,6 2850,7 2276,8 51.386659}
{0 251,1 0.5154,2 21,3 23.190476,4 1.550308,5 15.107813,6 2714,7 2169,8 52.140609}
{0 265,1 0.535354,2 18,3 27.5,4 1.640404,5 18.030303,6 2811,7 2252,8 40.144318}
{0 237,1 0.486653,2 29,3 16.793103,4 1.535934,5 11.234695,6 2699,7 2094,8 59.849959,9 bb}
{0 250,1 0.510204,2 26,3 18.846154,4 1.54898,5 12.599686,6 2731,7 2151,8 56.66248,9 bb}
{0 276,1 0.559838,2 25,3 19.72,4 1.567951,5 13.648649,6 2778,7 2144,8 54.170518,9 bb}
{0 253,1 0.518443,2 22,3 22.181818,4 1.635246,5 14.692399,6 2895,7 2212,8 45.978651,9 bb}
{0 233,1 0.48847,2 24,3 19.875,4 1.557652,5 12.142872,6 2688,7 2118,8 54.884517,9 bb}
{0 253,1 0.522727,2 23,3 21.043478,4 1.584711,5 13.624003,6 2747,7 2152,8 51.409341,9 bb}
{0 224,1 0.459959,2 26,3 18.730769,4 1.49692,5 11.681219,6 2676,7 2091,8 61.183844,9 bb}
{0 259,1 0.529652,2 26,3 18.807692,4 1.650307,5 13.00365,6 2902,7 2264,8 48.129241,9 bb}
{0 236,1 0.488613,2 27,3 17.888889,4 1.509317,5 11.54479,6 2657,7 2088,8 60.989579,9 bb}
{0 254,1 0.531381,2 24,3 19.916667,4 1.600418,5 12.820223,6 2737,7 2140,8 51.224186,9 bb}
{0 224,1 0.456212,2 23,3 21.347826,4 1.641548,5 15.137908,6 2895,7 2303,8 46.292007,9 bb}
{0 283,1 0.576375,2 26,3 18.884615,4 1.606925,5 13.175027,6 2836,7 2223,8 51.721291,9 bb}
{0 264,1 0.542094,2 27,3 18.037037,4 1.694045,5 14.442741,6 3005,7 2388,8 45.211186,9 bb}
{0 253,1 0.525988,2 27,3 17.814815,4 1.619543,5 13.362932,6 2751,7 2137,8 51.739657,9 bb}
{0 278,1 0.572016,2 28,3 17.357143,4 1.697531,5 14.432569,6 2955,7 2355,8 45.606389,9 bb}
{0 228,1 0.477987,2 25,3 19.08,4 1.561845,5 12.328017,6 2701,7 2099,8 55.336725,9 bb}
{0 237,1 0.476861,2 29,3 17.137931,4 1.54326,5 11.603663,6 2862,7 2240,8 58.880241,9 bb}
{0 243,1 0.482143,2 29,3 17.37931,4 1.55754,5 11.396169,6 2815,7 2210,8 57.427143,9 bb}
{0 246,1 0.49004,2 20,3 25.1,4 1.609562,5 15.05992,6 2839,7 2245,8 45.189576,9 bb}
{0 260,1 0.536082,2 14,3 34.642857,4 1.701031,5 20.455081,6 2940,7 2344,8 27.765284,9 cc}
{0 271,1 0.550813,2 14,3 35.142857,4 1.745935,5 21.455517,6 3051,7 2440,8 23.458902,9 cc}
{0 265,1 0.528942,2 19,3 26.368421,4 1.778443,5 18.930602,6 3063,7 2468,8 29.614765,9 cc}
{0 276,1 0.541176,2 19,3 26.842105,4 1.684314,5 17.874097,6 3070,7 2464,8 37.097322,9 cc}
{0 271,1 0.548583,2 16,3 30.875,4 1.728745,5 20.690081,6 2972,7 2361,8 29.245053,9 cc}
{0 248,1 0.506122,2 15,3 32.666667,4 1.804082,5 22.454422,6 3004,7 2418,8 21.053027,9 cc}
{0 302,1 0.618852,2 19,3 25.684211,4 1.883197,5 19.617947,6 3130,7 2542,8 21.447084,9 cc}
{0 274,1 0.540434,2 19,3 26.684211,4 1.830375,5 19.352185,6 3158,7 2528,8 24.900822,9 cc}
{0 284,1 0.589212,2 14,3 34.428571,4 1.759336,5 21.904209,6 2978,7 2356,8 23.050166,9 cc}
{0 279,1 0.559118,2 15,3 33.266667,4 1.805611,5 23.086226,6 3098,7 2476,8 20.314624,9 cc}
{0 270,1 0.54878,2 16,3 30.75,4 1.739837,5 19.535772,6 2981,7 2375,8 28.433506,9 cc}
{0 280,1 0.56,2 16,3 31.25,4 1.862,5 22.42,6 3127,7 2523,8 17.59105,9 cc}
{0 280,1 0.543689,2 18,3 28.611111,4 1.751456,5 19.444444,6 3105,7 2515,8 29.621518,9 cc}
{0 256,1 0.515091,2 20,3 24.85,4 1.742455,5 18.149256,6 2952,7 2379,8 34.20058,9 cc}
{0 274,1 0.558045,2 19,3 25.842105,4 1.788187,5 19.298146,6 3020,7 2446,8 29.324611,9 cc}
{0 259,1 0.526423,2 13,3 37.846154,4 1.723577,5 22.94334,6 2988,7 2401,8 22.60652,9 cc}
{0 240,1 0.494845,2 15,3 32.333333,4 1.754639,5 20.685911,6 2947,7 2393,8 25.574192,9 cc}
{0 256,1 0.52459,2 19,3 25.684211,4 1.811475,5 19.781881,6 3064,7 2473,8 27.514707,9 cc}
{0 259,1 0.525355,2 20,3 24.65,4 1.827586,5 19.75858,6 3295,7 2469,8 27.201457,9 d}
{0 231,1 0.472393,2 24,3 20.375,4 1.766871,5 16.657157,6 3219,7 2379,8 36.677074,9 d}
{0 247,1 0.496982,2 22,3 22.590909,4 1.788732,5 18.694311,6 3265,7 2456,8 32.578467,9 d}
{0 286,1 0.594595,2 25,3 19.24,4 1.825364,5 17.84153,6 3378,7 2449,8 32.88062,9 d}
{0 279,1 0.563636,2 18,3 27.5,4 1.737374,5 19.242424,6 3300,7 2416,8 31.940682,9 d}
{0 278,1 0.567347,2 24,3 20.416667,4 1.810204,5 17.472789,6 3213,7 2417,8 32.968818,9 d}
{0 262,1 0.535787,2 15,3 32.6,4 1.574642,5 19.01137,6 2969,7 2175,8 40.531276,9 d}
{0 247,1 0.497984,2 18,3 27.555556,4 1.739919,5 19.086738,6 3203,7 2440,8 31.668934,9 d}
{0 273,1 0.558282,2 23,3 21.26087,4 1.707566,5 15.293714,6 3177,7 2278,8 40.795095,9 d}
{0 281,1 0.55315,2 17,3 29.882353,4 1.807087,5 20.535618,6 3481,7 2520,8 23.624884,9 d}
{0 275,1 0.541339,2 18,3 28.222222,4 1.777559,5 20.422747,6 3324,7 2491,8 27.807948,9 d}
{0 282,1 0.549708,2 22,3 23.318182,4 1.890838,5 19.229807,6 3495,7 2656,8 23.202133,9 d}
{0 272,1 0.530214,2 21,3 24.428571,4 1.826511,5 19.59599,6 3482,7 2594,8 27.517193,9 d}
{0 254,1 0.533613,2 20,3 23.8,4 1.670168,5 15.738487,6 3018,7 2171,8 41.381782,9 dd}
{0 266,1 0.530938,2 20,3 25.05,4 1.562874,5 14.890259,6 3125,7 2260,8 49.190088,9 dd}
{0 259,1 0.560606,2 17,3 27.176471,4 1.601732,5 16.325134,6 3075,7 2145,8 43.744389,9 dd}
{0 288,1 0.586558,2 21,3 23.380952,4 1.696538,5 16.358491,6 3281,7 2382,8 39.576246,9 dd}
{0 284,1 0.566866,2 19,3 26.368421,4 1.58483,5 16.934594,6 3021,7 2205,8 45.994406,9 dd}
{0 235,1 0.47,2 19,3 26.315789,4 1.404,5 14.286316,6 2841,7 2054,8 61.346074,9 dd}
{0 272,1 0.546185,2 19,3 26.210526,4 1.550201,5 15.865737,6 2982,7 2197,8 49.084328,9 dd}
{0 287,1 0.601677,2 20,3 23.85,4 1.675052,5 15.997023,6 3090,7 2240,8 40.917816,9 dd}
{0 223,1 0.44246,2 14,3 36,4 1.460317,5 18.209524,6 3119,7 2062,8 46.752143,9 dd}
{0 273,1 0.552632,2 20,3 24.7,4 1.657895,5 16.519676,6 3329,7 2343,8 41.506605,9 dd}
{0 275,1 0.542406,2 25,3 20.28,4 1.60355,5 14.344742,6 3136,7 2295,8 50.590445,9 dd}
{0 294,1 0.611227,2 21,3 22.904762,4 1.669439,5 16.646312,6 3238,7 2262,8 42.352155,9 dd}
{0 284,1 0.570281,2 21,3 23.714286,4 1.598394,5 15.509811,6 3241,7 2305,8 47.540904,9 dd}
{0 288,1 0.593814,2 21,3 23.095238,4 1.616495,5 15.671085,6 3161,7 2180,8 46.637869,9 dd}
{0 234,1 0.488518,2 20,3 23.95,4 1.676409,5 15.258497,6 2944,7 2208,8 40.701533,9 g}
{0 261,1 0.538144,2 18,3 26.944444,4 1.54433,5 15.31386,6 2957,7 2132,8 48.83608,9 g}
{0 244,1 0.48996,2 15,3 33.2,4 1.60241,5 18.982811,6 3018,7 2271,8 37.573145,9 g}
{0 245,1 0.49,2 46,3 10.869565,4 1.526,5 9.787826,6 2892,7 2006,8 66.702791,9 g}
{0 235,1 0.5,2 43,3 10.930233,4 1.634043,5 11.606136,6 2832,7 2038,8 57.500814,9 g}
{0 219,1 0.438,2 17,3 29.411765,4 1.65,5 18.404706,6 2890,7 2311,8 37.392059,9 g}
{0 231,1 0.478261,2 22,3 21.954545,4 1.68323,5 16.31805,6 2833,7 2219,8 42.149894,9 g}
{0 224,1 0.452525,2 27,3 18.333333,4 1.587879,5 12.424242,6 2845,7 2236,8 53.892121,9 g}
{0 243,1 0.476471,2 19,3 26.842105,4 1.684314,5 19.128999,6 3080,7 2480,8 37.097322,9 g}
{0 260,1 0.516899,2 20,3 25.15,4 1.73161,5 18.807515,6 3023,7 2435,8 34.813515,9 g}
{0 257,1 0.520243,2 36,3 13.722222,4 1.532389,5 10.266217,6 2812,7 2245,8 63.266863,9 g}
{0 267,1 0.530815,2 37,3 13.594595,4 1.467197,5 9.493504,6 2749,7 2158,8 68.911636,9 g}
{0 253,1 0.517382,2 39,3 12.538462,4 1.443763,5 8.532767,6 2633,7 2072,8 71.96613,9 g}
{0 251,1 0.499006,2 32,3 15.71875,4 1.379722,5 8.673186,6 2643,7 2075,8 74.156015,9 g}
{0 237,1 0.477823,2 35,3 14.171429,4 1.461694,5 9.539539,6 2701,7 2124,8 68.791726,9 g}
{0 224,1 0.475584,2 18,3 26.166667,4 1.619958,5 15.222505,6 2702,7 2158,8 43.227426,9 g}
{0 248,1 0.510288,2 15,3 32.4,4 1.567901,5 18.474403,6 2834,7 2195,8 41.304556,9 jj}
{0 258,1 0.511905,2 23,3 21.913043,4 1.64881,5 15.035059,6 2906,7 2298,8 45.103975,9 jj}
{0 270,1 0.545455,2 24,3 20.625,4 1.672727,5 15.280303,6 2946,7 2321,8 44.387898,9 jj}
{0 288,1 0.572565,2 27,3 18.62963,4 1.671968,5 14.290818,6 2964,7 2309,8 46.477417,9 jj}
{0 258,1 0.536383,2 29,3 16.586207,4 1.7921,5 15.366291,6 3287,7 2543,8 38.388358,9 jj}
{0 249,1 0.498998,2 20,3 24.95,4 1.727455,5 17.354749,6 2994,7 2378,8 35.368065,9 jj}
{0 242,1 0.483034,2 18,3 27.833333,4 1.680639,5 19.117365,6 2974,7 2361,8 36.402131,9 jj}
{0 259,1 0.563043,2 18,3 25.555556,4 1.704348,5 16.917874,6 2892,7 2257,8 36.708285,9 jj}
{0 273,1 0.540594,2 20,3 25.25,4 1.643564,5 17.228713,6 2932,7 2289,8 42.160705,9 jj}
{0 258,1 0.517034,2 24,3 20.791667,4 1.643287,5 14.729492,6 2963,7 2366,8 46.709414,9 jj}
{0 261,1 0.511765,2 25,3 20.4,4 1.560784,5 13.650196,6 2831,7 2223,8 54.086647,9 jj}
{0 251,1 0.503006,2 21,3 23.761905,4 1.641283,5 15.516786,6 2916,7 2221,8 43.864162,9 jj}
{0 249,1 0.5,2 25,3 19.92,4 1.674699,5 14.393703,6 2940,7 2236,8 44.936682,9 jj}
{0 249,1 0.496016,2 27,3 18.592593,4 1.643426,5 14.608352,6 2954,7 2270,8 48.929654,9 jj}
{0 247,1 0.494,2 26,3 19.230769,4 1.562,5 12.892308,6 2799,7 2144,8 55.170569,9 jj}
{0 254,1 0.522634,2 25,3 19.44,4 1.504115,5 11.562008,6 2627,7 2034,8 59.855252,9 k}
{0 257,1 0.525562,2 28,3 17.464286,4 1.550102,5 11.566491,6 2775,7 2201,8 57.9701,9 k}
{0 253,1 0.512146,2 28,3 17.642857,4 1.540486,5 11.510584,6 2783,7 2223,8 58.602399,9 k}
{0 253,1 0.524896,2 28,3 17.214286,4 1.489627,5 10.039241,6 2573,7 2007,8 63.340093,9 k}
{0 263,1 0.538934,2 33,3 14.787879,4 1.465164,5 10.177447,6 2609,7 2016,8 67.872434,9 k}
{0 277,1 0.558468,2 29,3 17.103448,4 1.467742,5 10.551057,6 2607,7 2020,8 65.304032,9 k}
{0 247,1 0.504082,2 33,3 14.848485,4 1.477551,5 10.265925,6 2609,7 2024,8 66.762972,9 k}
{0 244,1 0.525862,2 31,3 14.967742,4 1.480603,5 9.7802,6 2468,7 1920,8 66.38369,9 k}
{0 237,1 0.5,2 32,3 14.8125,4 1.504219,5 10.481962,6 2513,7 1938,8 64.54335,9 k}
{0 265,1 0.546392,2 26,3 18.653846,4 1.645361,5 14.059477,6 2860,7 2282,8 48.70382,9 k}
{0 243,1 0.481188,2 28,3 18.035714,4 1.520792,5 11.491513,6 2796,7 2200,8 59.86974,9 k}
{0 257,1 0.519192,2 30,3 16.5,4 1.664646,5 14.6,6 2897,7 2310,8 49.258409,9 k}
{0 257,1 0.528807,2 24,3 20.25,4 1.773663,5 17.235802,6 2900,7 2323,8 36.229398,9 k}
{0 280,1 0.564516,2 34,3 14.588235,4 1.758065,5 13.174004,6 2936,7 2357,8 43.295683,9 k}
{0 273,1 0.549296,2 28,3 17.75,4 1.692153,5 14.021529,6 2945,7 2375,8 45.662613,9 k}
{0 258,1 0.552463,2 22,3 21.227273,4 1.599572,5 13.630095,6 2612,7 2057,8 49.965549,9 k}
{0 240,1 0.508475,2 20,3 23.6,4 1.525424,5 14.948475,6 2664,7 2077,8 53.830153,9 k}
{0 271,1 0.549696,2 18,3 27.388889,4 1.604462,5 17.121884,6 2838,7 2256,8 43.297752,9 k}
{0 258,1 0.531959,2 16,3 30.3125,4 1.571134,5 16.661082,6 2730,7 2112,8 43.149874,9 k}
{0 267,1 0.557411,2 19,3 25.210526,4 1.837161,5 19.186507,6 3112,7 2492,8 25.822516,9 ll}
{0 268,1 0.54918,2 19,3 25.684211,4 1.760246,5 18.962209,6 3007,7 2402,8 31.848723,9 ll}
{0 250,1 0.507099,2 19,3 25.947368,4 1.758621,5 18.411402,6 2948,7 2384,8 31.719111,9 ll}
{0 256,1 0.520325,2 22,3 22.363636,4 1.664634,5 16.099926,6 2901,7 2303,8 43.30786,9 ll}
{0 273,1 0.562887,2 23,3 21.086957,4 1.65567,5 15.445092,6 2839,7 2243,8 45.362048,9 ll}
{0 264,1 0.5629,2 22,3 21.318182,4 1.601279,5 13.815119,6 2782,7 2144,8 49.728815,9 ll}
{0 270,1 0.554415,2 28,3 17.392857,4 1.681725,5 13.692256,6 2904,7 2274,8 46.907328,9 ll}
{0 274,1 0.551308,2 24,3 20.708333,4 1.587525,5 14.078102,6 2873,7 2206,8 51.511414,9 ll}
{0 250,1 0.504032,2 23,3 21.565217,4 1.647177,5 15.158345,6 2940,7 2326,8 45.595095,9 ll}
{0 254,1 0.517312,2 26,3 18.884615,4 1.716904,5 15.211687,6 3048,7 2416,8 42.417014,9 ll}
{0 272,1 0.552846,2 25,3 19.68,4 1.660569,5 14.294764,6 2911,7 2271,8 46.375654,9 ll}
{0 302,1 0.611336,2 18,3 27.444444,4 1.680162,5 18.022312,6 2914,7 2296,8 36.837188,9 ll}
{0 232,1 0.459406,2 25,3 20.2,4 1.720792,5 16.08,6 2995,7 2417,8 40.75299,9 ll}
{0 282,1 0.567404,2 20,3 24.85,4 1.895372,5 20.241811,6 3206,7 2629,8 21.263759,9 m}
{0 254,1 0.520492,2 22,3 22.181818,4 2.02459,5 21.659613,6 3345,7 2723,8 13.040127,9 m}
{0 250,1 0.501002,2 20,3 24.95,4 1.783567,5 19.679399,6 3098,7 2465,8 30.62097,9 m}
{0 238,1 0.47505,2 20,3 25.05,4 1.832335,5 20.798443,6 3155,7 2547,8 26.393681,9 m}
{0 250,1 0.523013,2 16,3 29.875,4 1.83682,5 21.740795,6 2981,7 2383,8 21.116896,9 m}
{0 266,1 0.541752,2 19,3 25.842105,4 1.953157,5 21.742137,6 3238,7 2662,8 15.368196,9 m}
{0 258,1 0.512922,2 21,3 23.952381,4 1.829026,5 17.930853,6 3188,7 2537,8 27.787747,9 m}
{0 280,1 0.571429,2 32,3 15.3125,4 1.879592,5 14.451531,6 3197,7 2603,8 32.279343,9 m}
{0 274,1 0.563786,2 27,3 18,4 1.8107,5 15.595062,6 3032,7 2413,8 35.379815,9 m}
{0 275,1 0.565844,2 25,3 19.44,4 1.971193,5 19.134025,6 3296,7 2706,8 20.340437,9 m}
{0 269,1 0.550102,2 18,3 27.166667,4 1.805726,5 19.373824,6 3064,7 2487,8 26.496416,9 m}
{0 256,1 0.547009,2 21,3 22.285714,4 1.758547,5 16.777534,6 2834,7 2304,8 35.441923,9 m}
{0 249,1 0.51875,2 20,3 24,4 1.7,5 16.35,6 2821,7 2286,8 38.655,9 m}
{0 247,1 0.512448,2 17,3 28.352941,4 1.892116,5 21.963583,6 3062,7 2515,8 17.983736,9 m}
{0 231,1 0.462926,2 29,3 17.206897,4 1.657315,5 14.177348,6 2849,7 2227,8 49.161182,9 mm}
{0 231,1 0.462,2 22,3 22.727273,4 1.758,5 17.570909,6 2961,7 2373,8 35.040018,9 mm}
{0 262,1 0.519841,2 25,3 20.16,4 1.704365,5 15.762413,6 2945,7 2358,8 42.183314,9 mm}
{0 248,1 0.497992,2 27,3 18.444444,4 1.728916,5 15.490228,6 2899,7 2295,8 41.847624,9 mm}
{0 238,1 0.474104,2 16,3 31.375,4 1.418327,5 15.816932,6 2651,7 2036,8 54.998937,9 mm}
{0 248,1 0.491089,2 22,3 22.954545,4 1.647525,5 15.835284,6 2860,7 2238,8 44.155542,9 mm}
{0 249,1 0.507128,2 23,3 21.347826,4 1.663951,5 15.952572,6 2823,7 2261,8 44.396692,9 mm}
{0 276,1 0.563265,2 22,3 22.272727,4 1.761224,5 16.745826,6 3026,7 2432,8 35.22859,9 mm}
{0 266,1 0.519531,2 21,3 24.380952,4 1.613281,5 15.689881,6 2935,7 2360,8 45.60474,9 mm}
{0 214,1 0.441237,2 20,3 24.25,4 1.923711,5 19.349485,6 3053,7 2504,8 19.475271,9 mm}
{0 245,1 0.489022,2 25,3 20.04,4 1.884232,5 16.958116,6 3141,7 2569,8 27.088412,9 mm}
{0 240,1 0.48583,2 23,3 21.478261,4 1.888664,5 18.469847,6 3070,7 2500,8 25.253594,9 mm}
{0 239,1 0.488753,2 19,3 25.736842,4 1.850716,5 19.292692,6 3090,7 2499,8 24.141553,9 mm}
{0 238,1 0.484725,2 18,3 27.277778,4 1.800407,5 20.116814,6 3012,7 2436,8 26.833595,9 mm}
{0 285,1 0.585216,2 24,3 20.291667,4 1.511294,5 12.716256,6 2919,7 2042,8 58.383517,9 o}
{0 292,1 0.58871,2 21,3 23.619048,4 1.768145,5 17.996006,6 3152,7 2394,8 33.276586,9 o}
{0 228,1 0.466258,2 12,3 40.75,4 1.842536,5 26.115951,6 3088,7 2469,8 9.595222,9 o}
{0 274,1 0.572025,2 14,3 34.214286,4 1.820459,5 23.12204,6 3194,7 2407,8 18.096644,9 o}
{0 294,1 0.602459,2 17,3 28.705882,4 1.538934,5 15.99055,6 2984,7 2106,8 47.504677,9 o}
{0 253,1 0.522727,2 19,3 25.473684,4 1.840909,5 20.106829,6 3015,7 2445,8 25.238301,9 o}
{0 234,1 0.468938,2 20,3 24.95,4 1.945892,5 20.881804,6 3323,7 2714,8 16.888305,9 o}
{0 281,1 0.578189,2 17,3 28.588235,4 1.90535,5 21.805664,6 3132,7 2523,8 16.625349,9 o}
{0 272,1 0.552846,2 21,3 23.428571,4 1.977642,5 20.590941,6 3322,7 2686,8 15.746463,9 o}
{0 283,1 0.561508,2 17,3 29.647059,4 2.031746,5 23.128665,6 3404,7 2752,8 4.857521,9 o}
{0 291,1 0.584337,2 15,3 33.2,4 1.797189,5 23.320161,6 3280,7 2502,8 21.094831,9 o}
{0 268,1 0.553719,2 18,3 26.888889,4 1.657025,5 17.284481,6 2937,7 2291,8 39.35848,9 o}
{0 279,1 0.553571,2 16,3 31.5,4 1.759921,5 20.139683,6 3140,7 2487,8 25.973214,9 o}
{0 277,1 0.558468,2 16,3 31,4 1.747984,5 20.383871,6 3084,7 2443,8 27.490565,9 o}
{0 273,1 0.547094,2 11,3 45.363636,4 1.54509,5 23.035234,6 3045,7 2221,8 30.07628,9 o}
{0 244,1 0.503093,2 29,3 16.724138,4 1.837113,5 15.514397,6 3044,7 2449,8 34.440206,9 q}
{0 248,1 0.49501,2 27,3 18.555556,4 1.822355,5 16.284498,6 3189,7 2571,8 33.829854,9 q}
{0 233,1 0.469758,2 30,3 16.533333,4 1.840726,5 16.129462,6 3176,7 2591,8 34.328263,9 q}
{0 244,1 0.490946,2 30,3 16.566667,4 1.782696,5 15.479785,6 3051,7 2461,8 39.203737,9 q}
{0 244,1 0.506224,2 28,3 17.214286,4 1.724066,5 13.690694,6 2954,7 2370,8 43.506483,9 q}
{0 237,1 0.485656,2 33,3 14.787879,4 1.805328,5 14.849578,6 3120,7 2536,8 39.094565,9 q}
{0 240,1 0.491803,2 33,3 14.787879,4 1.856557,5 15.013512,6 3159,7 2583,8 34.760549,9 q}
{0 254,1 0.519427,2 29,3 16.862069,4 1.856851,5 16.642578,6 3123,7 2554,8 32.630429,9 q}
{0 221,1 0.445565,2 29,3 17.103448,4 1.854839,5 15.631702,6 3150,7 2567,8 32.555645,9 q}
{0 255,1 0.529046,2 23,3 20.956522,4 1.711618,5 16.432401,6 2914,7 2331,8 40.761226,9 q}
{0 234,1 0.473684,2 29,3 17.034483,4 1.51417,5 10.700433,6 2816,7 2194,8 61.446215,9 q}
{0 266,1 0.545082,2 26,3 18.769231,4 1.604508,5 13.491299,6 2812,7 2172,8 52.042837,9 q}
{0 258,1 0.509881,2 32,3 15.8125,4 1.679842,5 13.044368,6 3010,7 2408,8 48.670688,9 q}
{0 256,1 0.545842,2 23,3 20.391304,4 1.695096,5 15.064837,6 2858,7 2234,8 42.732709,9 q}
{0 235,1 0.480573,2 29,3 16.862069,4 1.662577,5 13.861392,6 2863,7 2269,8 49.066012,9 q}
{0 241,1 0.482966,2 23,3 21.695652,4 2.032064,5 21.423752,6 3307,7 2723,8 12.901288,9 qq}
{0 230,1 0.465587,2 20,3 24.7,4 2.044534,5 23.726154,6 3355,7 2771,8 8.796889,9 qq}
{0 274,1 0.548,2 23,3 21.73913,4 1.946,5 20.375652,6 3267,7 2663,8 20.138183,9 qq}
{0 249,1 0.511294,2 25,3 19.48,4 1.909651,5 18.141076,6 3187,7 2588,8 25.506332,9 qq}
{0 258,1 0.527607,2 23,3 21.26087,4 1.869121,5 18.0749,6 3047,7 2427,8 27.12761,9 qq}
{0 245,1 0.521277,2 18,3 26.111111,4 1.893617,5 21.167849,6 3012,7 2445,8 20.132222,9 qq}
{0 276,1 0.559838,2 18,3 27.388889,4 1.874239,5 20.36732,6 3136,7 2511,8 20.474629,9 qq}
{0 270,1 0.546559,2 19,3 26,4 1.955466,5 22.464777,6 3262,7 2656,8 15.012611,9 qq}
{0 265,1 0.540816,2 18,3 27.222222,4 1.828571,5 21.256236,6 3089,7 2464,8 24.507302,9 qq}
{0 256,1 0.520325,2 19,3 25.894737,4 1.900407,5 21.008301,6 3188,7 2597,8 19.777452,9 qq}
{0 250,1 0.497018,2 19,3 26.473684,4 1.755467,5 19.496034,6 3081,7 2488,8 31.451686,9 qq}
{0 281,1 0.578189,2 21,3 23.142857,4 1.860082,5 19.627513,6 3097,7 2502,8 25.982037,9 qq}
{0 271,1 0.530333,2 18,3 28.388889,4 1.949119,5 21.609959,6 3280,7 2659,8 13.124779,9 qq}
{0 258,1 0.51497,2 16,3 31.3125,4 1.974052,5 23.622804,6 3288,7 2699,8 8.048022,9 qq}
{0 260,1 0.527383,2 17,3 29,4 2.141988,5 24.419473,6 3481,7 2878,8 -3.81217,9 qq}
{0 260,1 0.531697,2 18,3 27.166667,4 1.97546,5 22.482209,6 3262,7 2672,8 12.136907,9 qq}
{0 262,1 0.522954,2 16,3 31.3125,4 1.898204,5 23.542964,6 3198,7 2613,8 14.464789,9 qq}
{0 269,1 0.530572,2 20,3 25.35,4 1.944773,5 21.027574,6 3337,7 2717,8 16.576939,9 qq}
{0 258,1 0.525458,2 17,3 28.882353,4 1.89002,5 21.736241,6 3118,7 2519,8 17.623689,9 qq}
{0 249,1 0.50303,2 21,3 23.571429,4 1.919192,5 20.01443,6 3180,7 2595,8 20.546364,9 qq}
{0 267,1 0.555094,2 19,3 25.315789,4 1.756757,5 18.525484,6 2948,7 2343,8 32.517852,9 qq}
{0 285,1 0.571142,2 19,3 26.263158,4 1.769539,5 19.162578,6 3099,7 2468,8 30.474889,9 qq}
{0 267,1 0.529762,2 17,3 29.647059,4 1.80754,5 20.906443,6 3133,7 2549,8 23.825378,9 qq}
{0 250,1 0.498008,2 31,3 16.193548,4 1.49004,5 10.700527,6 2769,7 2171,8 64.341178,9 r}
{0 230,1 0.470348,2 36,3 13.583333,4 1.355828,5 8.05092,6 2488,7 1916,8 78.344849,9 r}
{0 241,1 0.484909,2 34,3 14.617647,4 1.39839,5 8.824926,6 2652,7 2064,8 73.694265,9 r}
{0 280,1 0.576132,2 34,3 14.294118,4 1.479424,5 9.009828,6 2838,7 2119,8 67.167211,9 r}
{0 280,1 0.583333,2 35,3 13.714286,4 1.5125,5 9.319048,6 2829,7 2122,8 64.9575,9 r}
{0 242,1 0.512712,2 30,3 15.733333,4 1.413136,5 9.089944,6 2648,7 1997,8 71.314395,9 r}
{0 215,1 0.444215,2 24,3 20.166667,4 1.582645,5 13.190634,6 2632,7 2044,8 52.474098,9 r}
{0 227,1 0.474895,2 24,3 19.916667,4 1.554393,5 12.820223,6 2528,7 1933,8 55.11791,9 r}
{0 251,1 0.499006,2 28,3 17.964286,4 1.379722,5 10.525675,6 2622,7 1999,8 71.876797,9 r}
{0 253,1 0.517382,2 31,3 15.774194,4 1.423313,5 9.499861,6 2568,7 1975,8 70.411924,9 r}
{0 258,1 0.525458,2 36,3 13.638889,4 1.419552,5 8.714211,6 2662,7 2024,8 72.897434,9 r}
{0 238,1 0.485714,2 26,3 18.846154,4 1.418367,5 10.55887,6 2691,7 2073,8 67.712276,9 r}
{0 250,1 0.505051,2 35,3 14.142857,4 1.428283,5 8.647042,6 2723,7 2063,8 71.647273,9 r}
{0 239,1 0.478958,2 41,3 12.170732,4 1.42485,5 7.593744,6 2722,7 2025,8 73.939423,9 r}
{0 230,1 0.465587,2 24,3 20.583333,4 1.659919,5 15.601754,6 2886,7 2302,8 45.513767,9 s}
{0 266,1 0.538462,2 23,3 21.478261,4 1.769231,5 16.68847,6 3020,7 2428,8 35.357642,9 s}
{0 256,1 0.514056,2 26,3 19.153846,4 1.546185,5 13.284028,6 2741,7 2149,8 56.586617,9 s}
{0 272,1 0.53125,2 27,3 18.962963,4 1.658203,5 15.00706,6 2934,7 2312,8 47.303608,9 s}
{0 244,1 0.484127,2 23,3 21.913043,4 1.748016,5 17.336646,6 2957,7 2360,8 36.711118,9 s}
{0 248,1 0.513458,2 19,3 25.421053,4 1.732919,5 18.864073,6 2868,7 2272,8 34.427663,9 s}
{0 245,1 0.483235,2 27,3 18.777778,4 1.7357,5 15.400657,6 2999,7 2409,8 40.935319,9 s}
{0 257,1 0.530992,2 30,3 16.133333,4 1.652893,5 12.81697,6 2854,7 2258,8 50.624956,9 s}
{0 247,1 0.493014,2 27,3 18.555556,4 1.856287,5 17.242582,6 3102,7 2530,8 30.959195,9 s}
{0 283,1 0.576375,2 24,3 20.458333,4 1.714868,5 15.433842,6 2920,7 2336,8 40.991991,9 s}
{0 262,1 0.527163,2 30,3 16.566667,4 1.841046,5 15.721234,6 3077,7 2468,8 34.267318,9 s}
{0 242,1 0.495902,2 23,3 21.217391,4 1.827869,5 17.667284,6 3036,7 2451,8 30.661643,9 s}
{0 250,1 0.501002,2 30,3 16.633333,4 1.633267,5 12.985999,6 2895,7 2301,8 51.777818,9 s}
{0 269,1 0.520309,2 26,3 19.884615,4 1.649903,5 14.684987,6 3038,7 2413,8 47.070297,9 s}
{0 241,1 0.492843,2 20,3 24.45,4 1.709611,5 17.387362,6 2875,7 2321,8 37.385121,9 t}
{0 264,1 0.54321,2 19,3 25.578947,4 1.781893,5 18.955859,6 2947,7 2387,8 30.12422,9 t}
{0 251,1 0.512245,2 13,3 37.692308,4 1.761224,5 23.321821,6 2987,7 2401,8 19.577716,9 t}
{0 276,1 0.559838,2 15,3 32.866667,4 2.077079,5 24.667965,6 3375,7 2747,8 -2.245559,9 t}
{0 246,1 0.497976,2 18,3 27.444444,4 1.811741,5 20.208547,6 3029,7 2458,8 25.70561,9 t}
{0 252,1 0.514286,2 21,3 23.333333,4 1.761224,5 16.92517,6 2895,7 2345,8 34.152075,9 t}
{0 245,1 0.479452,2 18,3 28.388889,4 1.906067,5 20.983736,6 3215,7 2645,8 16.767049,9 t}
{0 258,1 0.525458,2 18,3 27.277778,4 1.88391,5 19.546549,6 3074,7 2524,8 19.769237,9 t}
{0 251,1 0.518595,2 14,3 34.571429,4 2.018595,5 24.324439,6 3181,7 2627,8 0.97186,9 t}
{0 266,1 0.521569,2 18,3 28.333333,4 1.637255,5 16.980392,6 2898,7 2320,8 39.564902,9 t}
{0 273,1 0.54491,2 27,3 18.555556,4 1.646707,5 13.250566,6 2866,7 2239,8 48.689734,9 t}
{0 258,1 0.530864,2 19,3 25.578947,4 1.884774,5 19.6966,6 3095,7 2538,8 21.420517,9 t}
{0 264,1 0.531187,2 21,3 23.666667,4 1.736419,5 17.032059,6 2935,7 2363,8 35.912327,9 t}
{0 265,1 0.533199,2 22,3 22.590909,4 1.899396,5 19.257692,6 3169,7 2564,8 23.216294,9 u}
{0 277,1 0.563008,2 22,3 22.363636,4 1.786585,5 17.075536,6 3050,7 2442,8 32.990787,9 u}
{0 279,1 0.589852,2 16,3 29.5625,4 1.826638,5 20.958192,6 3004,7 2391,8 22.295447,9 u}
{0 280,1 0.565657,2 17,3 29.117647,4 1.824242,5 20.697564,6 3134,7 2524,8 22.949679,9 u}
{0 294,1 0.6,2 25,3 19.6,4 1.963265,5 19.105306,6 3260,7 2657,8 20.848755,9 u}
{0 283,1 0.569416,2 20,3 24.85,4 1.742455,5 17.666358,6 2991,7 2407,8 34.20058,9 u}
{0 277,1 0.564155,2 20,3 24.55,4 1.723014,5 17.396375,6 2909,7 2333,8 36.149744,9 u}
{0 261,1 0.52834,2 23,3 21.478261,4 1.704453,5 16.364584,6 3000,7 2409,8 40.837804,9 u}
{0 277,1 0.551793,2 22,3 22.818182,4 1.826693,5 18.529663,6 3073,7 2479,8 29.136298,9 u}
{0 257,1 0.530992,2 20,3 24.2,4 1.737603,5 17.283306,6 2927,7 2339,8 35.27076,9 u}
{0 289,1 0.598344,2 19,3 25.421053,4 1.803313,5 19.360968,6 3130,7 2360,8 28.472383,9 u}
{0 283,1 0.569416,2 18,3 27.611111,4 1.704225,5 18.770803,6 3338,7 2421,8 34.632257,9 u}
{0 299,1 0.588583,2 17,3 29.882353,4 1.769685,5 20.141918,6 3442,7 2505,8 26.789057,9 u}
{0 299,1 0.596806,2 23,3 21.782609,4 1.812375,5 17.735,6 3269,7 2503,8 31.398706,9 u}
{0 259,1 0.536232,2 21,3 23,4 1.846791,5 18.72381,6 3021,7 2461,8 27.251491,9 u}
{0 236,1 0.480652,2 16,3 30.6875,4 1.822811,5 21.643635,6 3023,7 2406,8 21.477412,9 uu}
{0 238,1 0.494802,2 13,3 37,4 1.767152,5 23.864449,6 2919,7 2356,8 19.77896,9 uu}
{0 259,1 0.521127,2 16,3 31.0625,4 1.694165,5 19.185563,6 2902,7 2314,8 31.980204,9 uu}
{0 244,1 0.494929,2 12,3 41.083333,4 1.667343,5 22.761934,6 2882,7 2300,8 24.078216,9 uu}
{0 253,1 0.509054,2 18,3 27.611111,4 1.738431,5 18.69032,6 2962,7 2362,8 31.738495,9 uu}
{0 244,1 0.484127,2 16,3 31.5,4 1.787698,5 21.965079,6 3080,7 2485,8 23.623214,9 uu}
{0 234,1 0.474645,2 18,3 27.388889,4 1.6714,5 17.527564,6 2918,7 2342,8 37.634872,9 uu}
{0 242,1 0.482072,2 15,3 33.466667,4 1.641434,5 20.318938,6 2976,7 2355,8 34.000995,9 uu}
{0 241,1 0.475345,2 19,3 26.684211,4 1.627219,5 17.143112,6 2948,7 2324,8 42.087804,9 uu}
{0 242,1 0.486922,2 14,3 35.5,4 1.706237,5 21.845875,6 3025,7 2390,8 26.454814,9 uu}
{0 228,1 0.471074,2 17,3 28.470588,4 1.621901,5 17.256004,6 2809,7 2186,8 40.724543,9 uu}
{0 239,1 0.494824,2 19,3 25.421053,4 1.668737,5 17.042127,6 2880,7 2299,8 39.857476,9 uu}
{0 234,1 0.484472,2 21,3 23,4 1.819876,5 19.386335,6 3064,7 2490,8 29.528509,9 uu}
{0 248,1 0.49501,2 20,3 25.05,4 1.682635,5 17.045948,6 2965,7 2383,8 39.058352,9 uu}
{0 258,1 0.509881,2 20,3 25.3,4 1.741107,5 18.736601,6 3073,7 2501,8 33.857872,9 uu}
{0 252,1 0.508065,2 21,3 23.619048,4 1.6875,5 16.463748,6 2996,7 2415,8 40.099167,9 uu}
{0 232,1 0.462151,2 21,3 23.904762,4 1.737052,5 17.37067,6 3001,7 2392,8 35.617085,9 uu}
{0 235,1 0.484536,2 18,3 26.944444,4 1.773196,5 18.942726,6 2887,7 2282,8 29.474018,9 uu}
{0 245,1 0.521277,2 20,3 23.5,4 1.768085,5 17.570213,6 2938,7 2349,8 33.4025,9 z}
{0 264,1 0.538776,2 22,3 22.272727,4 1.779592,5 18.215213,6 2987,7 2402,8 33.674712,9 z}
{0 255,1 0.524691,2 27,3 18,4 1.639918,5 12.879012,6 2835,7 2231,8 49.827963,9 z}
{0 269,1 0.534791,2 31,3 16.225806,4 1.683897,5 13.567857,6 3021,7 2380,8 47.908152,9 z}
{0 267,1 0.553942,2 24,3 20.083333,4 1.744813,5 15.502213,6 3011,7 2396,8 38.839213,9 z}
{0 260,1 0.548523,2 25,3 18.96,4 1.770042,5 15.263325,6 2984,7 2363,8 37.84503,9 z}
{0 291,1 0.584337,2 21,3 23.714286,4 1.993976,5 21.533907,6 3340,7 2699,8 14.074639,9 z}
{0 283,1 0.578732,2 17,3 28.764706,4 1.93456,5 22.385228,6 3194,7 2592,8 13.97502,9 z}

Calculating InfoGain on the training set's features
===================================================
Features InfoGain score (non-zero only):
----------------------------------------
> Gunning-Fog-Readability-Index{-}   0.853169
> Flesch-Reading-Ease-Score{-}       0.720122
> Average-Sentence-Length{-}         0.595372
> Average-Syllables-in-Word{-}       0.507973
> Sentence-Count{-}                  0.439773
> Letter-Space{-}                    0.417405
> Character-Space{-}                 0.406506

Feature-type breakdown:
-----------------------
> Letter-Space                    0.417405 (10.59%)
> Sentence-Count                  0.439773 (11.16%)
> Unique-Words-Count              0.000000 (0.00%)
> Complexity                      0.000000 (0.00%)
> Average-Syllables-in-Word       0.507973 (12.89%)
> Gunning-Fog-Readability-Index   0.853169 (21.65%)
> Average-Sentence-Length         0.595372 (15.11%)
> Flesch-Reading-Ease-Score       0.720122 (18.28%)
> Character-Space                 0.406506 (10.32%)

done!

2013-03-22, 16:31:15 Starting 10-folds cross-validation on training corpus phase...

================================================================================

Running analysis with classifier 1 out of 1:
> Classifier: weka.classifiers.functions.SMO
> Options:    -C 1.0 -L 0.0010 -P 1.0E-12 -N 0 -V -1 -W 1 -K weka.classifiers.functions.supportVector.PolyKernel -C 250007 -E 1.0 

2013-03-22, 16:31:15 Starting cross validation...
2013-03-22, 16:31:50 done!

=== Summary ===

Correctly Classified Instances         102               33.5526 %
Incorrectly Classified Instances       202               66.4474 %
Kappa statistic                          0.2945
Mean absolute error                      0.0917
Root mean squared error                  0.2124
Relative absolute error                 96.7484 %
Root relative squared error             97.5638 %
Total Number of Instances              304     

=== Detailed Accuracy By Class ===

               TP Rate   FP Rate   Precision   Recall  F-Measure   ROC Area  Class
                 0         0.014      0         0         0          0.633    aa
                 0.421     0.112      0.2       0.421     0.271      0.852    bb
                 0.611     0.045      0.458     0.611     0.524      0.914    cc
                 0         0          0         0         0          0.856    d
                 0.714     0.021      0.625     0.714     0.667      0.971    dd
                 0         0          0         0         0          0.813    g
                 0.2       0.118      0.081     0.2       0.115      0.745    jj
                 0.421     0.06       0.32      0.421     0.364      0.875    k
                 0         0          0         0         0          0.604    ll
                 0         0          0         0         0          0.772    m
                 0.071     0.01       0.25      0.071     0.111      0.714    mm
                 0.133     0.003      0.667     0.133     0.222      0.804    o
                 0.667     0.028      0.556     0.667     0.606      0.895    q
                 0.783     0.11       0.367     0.783     0.5        0.91     qq
                 0.571     0.031      0.471     0.571     0.516      0.964    r
                 0.071     0.007      0.333     0.071     0.118      0.738    s
                 0         0          0         0         0          0.705    t
                 0.533     0.045      0.381     0.533     0.444      0.869    u
                 0.778     0.101      0.326     0.778     0.459      0.931    uu
                 0         0          0         0         0          0.404    z
Weighted Avg.    0.336     0.041      0.267     0.336     0.269      0.816

=== Confusion Matrix ===

  a  b  c  d  e  f  g  h  i  j  k  l  m  n  o  p  q  r  s  t   <-- classified as
  0  2  2  0  0  0  3  1  0  0  0  0  1  1  0  1  0  2  1  0 |  a = aa
  0  8  0  0  0  0  4  7  0  0  0  0  0  0  0  0  0  0  0  0 |  b = bb
  1  0 11  0  0  0  0  0  0  0  0  0  0  2  0  0  0  2  2  0 |  c = cc
  0  0  0  0  2  0  0  0  0  0  0  1  1  6  0  0  0  2  1  0 |  d = d
  1  1  0  0 10  0  1  0  0  0  0  0  0  0  0  0  0  0  1  0 |  e = dd
  0  2  1  0  1  0  0  0  0  0  0  0  0  0  6  0  0  0  6  0 |  f = g
  0  8  0  0  0  0  3  0  0  0  0  0  1  0  0  0  0  0  3  0 |  g = jj
  0  5  0  0  1  0  2  8  0  0  0  0  0  0  3  0  0  0  0  0 |  h = k
  0  1  1  0  0  0  3  2  0  0  1  0  1  1  0  1  0  1  1  0 |  i = ll
  0  0  1  0  0  0  3  0  0  0  0  0  0  6  0  0  0  1  3  0 |  j = m
  0  3  0  0  0  0  4  0  0  0  1  0  1  0  0  0  0  1  4  0 |  k = mm
  0  0  3  0  2  0  1  0  0  0  0  2  0  5  0  0  0  1  1  0 |  l = o
  1  3  0  0  0  0  0  1  0  0  0  0 10  0  0  0  0  0  0  0 |  m = q
  0  0  1  0  0  0  0  0  0  0  0  0  0 18  0  0  0  3  1  0 |  n = qq
  0  4  0  0  0  0  0  2  0  0  0  0  0  0  8  0  0  0  0  0 |  o = r
  0  2  0  0  0  0  4  2  0  0  1  0  3  0  0  1  0  0  1  0 |  p = s
  0  0  1  0  0  0  2  1  0  0  1  0  0  5  0  0  0  0  3  0 |  q = t
  0  0  2  0  0  0  3  0  0  0  0  0  0  2  0  0  0  8  0  0 |  r = u
  0  0  1  0  0  0  2  0  0  0  0  0  0  1  0  0  0  0 14  0 |  s = uu
  1  1  0  0  0  0  2  1  0  0  0  0  0  2  0  0  0  0  1  0 |  t = z

