============================ JStylo Analysis Output ============================
Started analysis on 2013-03-22, 16:22:28
Running 10-folds cross validation on training corpus

Training corpus:
> cc (18 documents)
> d (13 documents)
> hh (20 documents)
> k (19 documents)
> kk (17 documents)
> l (14 documents)
> ll (13 documents)
> n (13 documents)
> o (15 documents)
> p (20 documents)
> pp (22 documents)
> s (14 documents)
> ss (15 documents)
> uu (18 documents)
> vv (14 documents)

Feature set: 9 feature-set:
> Unique Words Count
> Complexity
> Sentence Count
> Average Sentence Length
> Average Syllables in Word
> Gunning-Fog Readability Index
> Character Space
> Letter Space
> Flesch Reading Ease Score

Classifiers used:
> weka.classifiers.functions.SMO                    	-C 1.0 -L 0.0010 -P 1.0E-12 -N 0 -V -1 -W 1 -K weka.classifiers.functions.supportVector.PolyKernel -C 250007 -E 1.0 

================================================================================

2013-03-22, 16:22:28 Extracting features from training corpus (using sparse representation)...
2013-03-22, 16:22:33 done!

Training corpus features (ARFF):
================================
@relation JStylo

@attribute 'Unique-Words-Count{-}' numeric
@attribute 'Complexity{-}' numeric
@attribute 'Sentence-Count{-}' numeric
@attribute 'Average-Sentence-Length{-}' numeric
@attribute 'Average-Syllables-in-Word{-}' numeric
@attribute 'Gunning-Fog-Readability-Index{-}' numeric
@attribute 'Character-Space{-}' numeric
@attribute 'Letter-Space{-}' numeric
@attribute 'Flesch-Reading-Ease-Score{-}' numeric
@attribute authorName {cc,d,hh,k,kk,l,ll,n,o,p,pp,s,ss,uu,vv}

@data
{0 260,1 0.536082,2 14,3 34.642857,4 1.701031,5 20.455081,6 2940,7 2344,8 27.765284}
{0 271,1 0.550813,2 14,3 35.142857,4 1.745935,5 21.455517,6 3051,7 2440,8 23.458902}
{0 265,1 0.528942,2 19,3 26.368421,4 1.778443,5 18.930602,6 3063,7 2468,8 29.614765}
{0 276,1 0.541176,2 19,3 26.842105,4 1.684314,5 17.874097,6 3070,7 2464,8 37.097322}
{0 271,1 0.548583,2 16,3 30.875,4 1.728745,5 20.690081,6 2972,7 2361,8 29.245053}
{0 248,1 0.506122,2 15,3 32.666667,4 1.804082,5 22.454422,6 3004,7 2418,8 21.053027}
{0 302,1 0.618852,2 19,3 25.684211,4 1.883197,5 19.617947,6 3130,7 2542,8 21.447084}
{0 274,1 0.540434,2 19,3 26.684211,4 1.830375,5 19.352185,6 3158,7 2528,8 24.900822}
{0 284,1 0.589212,2 14,3 34.428571,4 1.759336,5 21.904209,6 2978,7 2356,8 23.050166}
{0 279,1 0.559118,2 15,3 33.266667,4 1.805611,5 23.086226,6 3098,7 2476,8 20.314624}
{0 270,1 0.54878,2 16,3 30.75,4 1.739837,5 19.535772,6 2981,7 2375,8 28.433506}
{0 280,1 0.56,2 16,3 31.25,4 1.862,5 22.42,6 3127,7 2523,8 17.59105}
{0 280,1 0.543689,2 18,3 28.611111,4 1.751456,5 19.444444,6 3105,7 2515,8 29.621518}
{0 256,1 0.515091,2 20,3 24.85,4 1.742455,5 18.149256,6 2952,7 2379,8 34.20058}
{0 274,1 0.558045,2 19,3 25.842105,4 1.788187,5 19.298146,6 3020,7 2446,8 29.324611}
{0 259,1 0.526423,2 13,3 37.846154,4 1.723577,5 22.94334,6 2988,7 2401,8 22.60652}
{0 240,1 0.494845,2 15,3 32.333333,4 1.754639,5 20.685911,6 2947,7 2393,8 25.574192}
{0 256,1 0.52459,2 19,3 25.684211,4 1.811475,5 19.781881,6 3064,7 2473,8 27.514707}
{0 259,1 0.525355,2 20,3 24.65,4 1.827586,5 19.75858,6 3295,7 2469,8 27.201457,9 d}
{0 231,1 0.472393,2 24,3 20.375,4 1.766871,5 16.657157,6 3219,7 2379,8 36.677074,9 d}
{0 247,1 0.496982,2 22,3 22.590909,4 1.788732,5 18.694311,6 3265,7 2456,8 32.578467,9 d}
{0 286,1 0.594595,2 25,3 19.24,4 1.825364,5 17.84153,6 3378,7 2449,8 32.88062,9 d}
{0 279,1 0.563636,2 18,3 27.5,4 1.737374,5 19.242424,6 3300,7 2416,8 31.940682,9 d}
{0 278,1 0.567347,2 24,3 20.416667,4 1.810204,5 17.472789,6 3213,7 2417,8 32.968818,9 d}
{0 262,1 0.535787,2 15,3 32.6,4 1.574642,5 19.01137,6 2969,7 2175,8 40.531276,9 d}
{0 247,1 0.497984,2 18,3 27.555556,4 1.739919,5 19.086738,6 3203,7 2440,8 31.668934,9 d}
{0 273,1 0.558282,2 23,3 21.26087,4 1.707566,5 15.293714,6 3177,7 2278,8 40.795095,9 d}
{0 281,1 0.55315,2 17,3 29.882353,4 1.807087,5 20.535618,6 3481,7 2520,8 23.624884,9 d}
{0 275,1 0.541339,2 18,3 28.222222,4 1.777559,5 20.422747,6 3324,7 2491,8 27.807948,9 d}
{0 282,1 0.549708,2 22,3 23.318182,4 1.890838,5 19.229807,6 3495,7 2656,8 23.202133,9 d}
{0 272,1 0.530214,2 21,3 24.428571,4 1.826511,5 19.59599,6 3482,7 2594,8 27.517193,9 d}
{0 229,1 0.472165,2 20,3 24.25,4 1.558763,5 15.308247,6 2696,7 2104,8 50.34991,9 hh}
{0 215,1 0.433468,2 32,3 15.5,4 1.461694,5 10.151613,6 2668,7 2018,8 67.443226,9 hh}
{0 240,1 0.47619,2 32,3 15.75,4 1.458333,5 10.268254,6 2723,7 2097,8 67.47375,9 hh}
{0 221,1 0.441118,2 31,3 16.16129,4 1.433134,5 10.217011,6 2612,7 1989,8 69.188177,9 hh}
{0 215,1 0.432596,2 21,3 23.666667,4 1.643863,5 16.710127,6 2740,7 2115,8 43.742508,9 hh}
{0 219,1 0.442424,2 28,3 17.678571,4 1.559596,5 13.374459,6 2731,7 2121,8 56.949432,9 hh}
{0 240,1 0.502092,2 28,3 17.071429,4 1.516736,5 11.849492,6 2631,7 2021,8 61.1916,9 hh}
{0 238,1 0.480808,2 25,3 19.8,4 1.466667,5 12.445253,6 2651,7 2035,8 62.658,9 hh}
{0 242,1 0.483034,2 30,3 16.7,4 1.473054,5 11.390579,6 2786,7 2127,8 65.264141,9 hh}
{0 220,1 0.474138,2 23,3 20.173913,4 1.55819,5 13.845427,6 2644,7 2001,8 54.535633,9 hh}
{0 237,1 0.478788,2 21,3 23.571429,4 1.719192,5 17.105339,6 2976,7 2367,8 37.466364,9 hh}
{0 241,1 0.493852,2 23,3 21.217391,4 1.772541,5 17.175481,6 3066,7 2437,8 35.342381,9 hh}
{0 271,1 0.545272,2 27,3 18.407407,4 1.756539,5 15.89415,6 3104,7 2439,8 39.548262,9 hh}
{0 216,1 0.459574,2 24,3 19.583333,4 1.855319,5 17.109929,6 2944,7 2346,8 29.997917,9 hh}
{0 244,1 0.494929,2 23,3 21.434783,4 1.711968,5 16.36296,6 2979,7 2352,8 40.246241,9 hh}
{0 222,1 0.455852,2 26,3 18.730769,4 1.689938,5 15.377318,6 2903,7 2265,8 44.854481,9 hh}
{0 240,1 0.479042,2 26,3 19.269231,4 1.646707,5 14.73364,6 2928,7 2307,8 47.965354,9 hh}
{0 246,1 0.482353,2 21,3 24.285714,4 1.678431,5 17.165266,6 3006,7 2407,8 40.189706,9 hh}
{0 253,1 0.511111,2 25,3 19.8,4 1.755556,5 16.728081,6 3061,7 2452,8 38.218,9 hh}
{0 242,1 0.490872,2 24,3 20.541667,4 1.667343,5 15.518898,6 2847,7 2287,8 44.928008,9 hh}
{0 254,1 0.522634,2 25,3 19.44,4 1.504115,5 11.562008,6 2627,7 2034,8 59.855252,9 k}
{0 257,1 0.525562,2 28,3 17.464286,4 1.550102,5 11.566491,6 2775,7 2201,8 57.9701,9 k}
{0 253,1 0.512146,2 28,3 17.642857,4 1.540486,5 11.510584,6 2783,7 2223,8 58.602399,9 k}
{0 253,1 0.524896,2 28,3 17.214286,4 1.489627,5 10.039241,6 2573,7 2007,8 63.340093,9 k}
{0 263,1 0.538934,2 33,3 14.787879,4 1.465164,5 10.177447,6 2609,7 2016,8 67.872434,9 k}
{0 277,1 0.558468,2 29,3 17.103448,4 1.467742,5 10.551057,6 2607,7 2020,8 65.304032,9 k}
{0 247,1 0.504082,2 33,3 14.848485,4 1.477551,5 10.265925,6 2609,7 2024,8 66.762972,9 k}
{0 244,1 0.525862,2 31,3 14.967742,4 1.480603,5 9.7802,6 2468,7 1920,8 66.38369,9 k}
{0 237,1 0.5,2 32,3 14.8125,4 1.504219,5 10.481962,6 2513,7 1938,8 64.54335,9 k}
{0 265,1 0.546392,2 26,3 18.653846,4 1.645361,5 14.059477,6 2860,7 2282,8 48.70382,9 k}
{0 243,1 0.481188,2 28,3 18.035714,4 1.520792,5 11.491513,6 2796,7 2200,8 59.86974,9 k}
{0 257,1 0.519192,2 30,3 16.5,4 1.664646,5 14.6,6 2897,7 2310,8 49.258409,9 k}
{0 257,1 0.528807,2 24,3 20.25,4 1.773663,5 17.235802,6 2900,7 2323,8 36.229398,9 k}
{0 280,1 0.564516,2 34,3 14.588235,4 1.758065,5 13.174004,6 2936,7 2357,8 43.295683,9 k}
{0 273,1 0.549296,2 28,3 17.75,4 1.692153,5 14.021529,6 2945,7 2375,8 45.662613,9 k}
{0 258,1 0.552463,2 22,3 21.227273,4 1.599572,5 13.630095,6 2612,7 2057,8 49.965549,9 k}
{0 240,1 0.508475,2 20,3 23.6,4 1.525424,5 14.948475,6 2664,7 2077,8 53.830153,9 k}
{0 271,1 0.549696,2 18,3 27.388889,4 1.604462,5 17.121884,6 2838,7 2256,8 43.297752,9 k}
{0 258,1 0.531959,2 16,3 30.3125,4 1.571134,5 16.661082,6 2730,7 2112,8 43.149874,9 k}
{0 260,1 0.516899,2 18,3 27.944444,4 1.510934,5 15.869627,6 2829,7 2222,8 50.646339,9 kk}
{0 275,1 0.562372,2 25,3 19.56,4 1.627812,5 13.79537,6 2842,7 2251,8 49.268717,9 kk}
{0 243,1 0.503106,2 25,3 19.32,4 1.575569,5 13.607917,6 2805,7 2207,8 53.932032,9 kk}
{0 243,1 0.507307,2 29,3 16.517241,4 1.597077,5 12.953452,6 2774,7 2181,8 54.957265,9 kk}
{0 258,1 0.52439,2 20,3 24.6,4 1.646341,5 17.726179,6 2892,7 2289,8 42.585512,9 kk}
{0 245,1 0.5,2 30,3 16.333333,4 1.55102,5 10.451701,6 2775,7 2163,8 59.04034,9 kk}
{0 270,1 0.560166,2 30,3 16.066667,4 1.545643,5 11.07397,6 2806,7 2188,8 59.765923,9 kk}
{0 258,1 0.538622,2 20,3 23.95,4 1.590814,5 14.256409,6 2734,7 2133,8 47.942869,9 kk}
{0 233,1 0.481405,2 28,3 17.285714,4 1.626033,5 12.616765,6 2755,7 2168,8 51.727603,9 kk}
{0 248,1 0.496994,2 21,3 23.761905,4 1.691383,5 16.719191,6 2964,7 2359,8 39.625685,9 kk}
{0 249,1 0.51875,2 16,3 30,4 1.658333,5 18.333333,6 2796,7 2238,8 36.09,9 kk}
{0 244,1 0.487026,2 17,3 29.470588,4 1.548902,5 16.019772,6 2798,7 2194,8 45.885227,9 kk}
{0 240,1 0.478088,2 24,3 20.916667,4 1.533865,5 13.306906,6 2771,7 2166,8 55.839643,9 kk}
{0 266,1 0.580786,2 23,3 19.913043,4 1.604803,5 13.72941,6 2735,7 2140,8 50.856885,9 kk}
{0 275,1 0.568182,2 13,3 37.230769,4 1.681818,5 21.917101,6 2879,7 2287,8 26.763951,9 kk}
{0 277,1 0.58811,2 26,3 18.115385,4 1.600849,5 13.021101,6 2702,7 2108,8 53.016037,9 kk}
{0 258,1 0.54661,2 15,3 31.466667,4 1.595339,5 18.010395,6 2730,7 2142,8 39.930655,9 kk}
{0 285,1 0.584016,2 15,3 32.533333,4 1.784836,5 21.128087,6 3070,7 2431,8 22.816536,9 l}
{0 284,1 0.618736,2 18,3 25.5,4 1.949891,5 21.703268,6 3043,7 2458,8 15.991716,9 l}
{0 302,1 0.62268,2 15,3 32.333333,4 1.874227,5 22.665292,6 3168,7 2528,8 15.457079,9 l}
{0 289,1 0.612288,2 18,3 26.222222,4 1.904661,5 21.336347,6 3131,7 2524,8 19.085122,9 l}
{0 279,1 0.580042,2 19,3 25.315789,4 1.66736,5 16.695962,6 2814,7 2244,8 40.080846,9 l}
{0 299,1 0.613963,2 23,3 21.173913,4 1.833676,5 17.997286,6 3141,7 2568,8 30.214525,9 l}
{0 271,1 0.56341,2 31,3 15.516129,4 1.694387,5 13.940339,6 2911,7 2276,8 47.741015,9 l}
{0 259,1 0.525355,2 26,3 18.961538,4 1.610548,5 13.101857,6 2918,7 2270,8 51.336706,9 l}
{0 291,1 0.612632,2 20,3 23.75,4 1.698947,5 16.405263,6 2924,7 2307,8 38.997803,9 l}
{0 282,1 0.579055,2 18,3 27.055556,4 1.691992,5 18.37869,6 2933,7 2320,8 36.231106,9 l}
{0 290,1 0.606695,2 17,3 28.117647,4 1.73431,5 19.61526,6 2871,7 2288,8 31.572994,9 l}
{0 282,1 0.574338,2 18,3 27.277778,4 1.647658,5 17.591356,6 2883,7 2249,8 39.756202,9 l}
{0 285,1 0.603814,2 19,3 24.842105,4 1.794492,5 18.157181,6 3041,7 2351,8 29.80628,9 l}
{0 272,1 0.570231,2 13,3 36.692308,4 1.716981,5 21.888663,6 2907,7 2294,8 24.335704,9 l}
{0 267,1 0.557411,2 19,3 25.210526,4 1.837161,5 19.186507,6 3112,7 2492,8 25.822516,9 ll}
{0 268,1 0.54918,2 19,3 25.684211,4 1.760246,5 18.962209,6 3007,7 2402,8 31.848723,9 ll}
{0 250,1 0.507099,2 19,3 25.947368,4 1.758621,5 18.411402,6 2948,7 2384,8 31.719111,9 ll}
{0 256,1 0.520325,2 22,3 22.363636,4 1.664634,5 16.099926,6 2901,7 2303,8 43.30786,9 ll}
{0 273,1 0.562887,2 23,3 21.086957,4 1.65567,5 15.445092,6 2839,7 2243,8 45.362048,9 ll}
{0 264,1 0.5629,2 22,3 21.318182,4 1.601279,5 13.815119,6 2782,7 2144,8 49.728815,9 ll}
{0 270,1 0.554415,2 28,3 17.392857,4 1.681725,5 13.692256,6 2904,7 2274,8 46.907328,9 ll}
{0 274,1 0.551308,2 24,3 20.708333,4 1.587525,5 14.078102,6 2873,7 2206,8 51.511414,9 ll}
{0 250,1 0.504032,2 23,3 21.565217,4 1.647177,5 15.158345,6 2940,7 2326,8 45.595095,9 ll}
{0 254,1 0.517312,2 26,3 18.884615,4 1.716904,5 15.211687,6 3048,7 2416,8 42.417014,9 ll}
{0 272,1 0.552846,2 25,3 19.68,4 1.660569,5 14.294764,6 2911,7 2271,8 46.375654,9 ll}
{0 302,1 0.611336,2 18,3 27.444444,4 1.680162,5 18.022312,6 2914,7 2296,8 36.837188,9 ll}
{0 232,1 0.459406,2 25,3 20.2,4 1.720792,5 16.08,6 2995,7 2417,8 40.75299,9 ll}
{0 234,1 0.464286,2 23,3 21.913043,4 1.676587,5 15.828709,6 2957,7 2348,8 42.753975,9 n}
{0 250,1 0.514403,2 20,3 24.3,4 1.72428,5 17.868148,6 2958,7 2330,8 36.296426,9 n}
{0 241,1 0.483936,2 20,3 24.9,4 1.710843,5 17.590522,6 3020,7 2407,8 36.824151,9 n}
{0 281,1 0.55754,2 23,3 21.913043,4 1.777778,5 17.336646,6 3100,7 2463,8 34.193261,9 n}
{0 267,1 0.536145,2 21,3 23.714286,4 1.835341,5 18.240734,6 3119,7 2509,8 27.49512,9 n}
{0 264,1 0.545455,2 19,3 25.473684,4 1.826446,5 18.70187,6 3098,7 2495,8 26.461855,9 n}
{0 256,1 0.552916,2 18,3 25.722222,4 1.794816,5 19.532949,6 3011,7 2354,8 28.885476,9 n}
{0 259,1 0.545263,2 23,3 20.652174,4 1.791579,5 17.271396,6 3025,7 2378,8 34.305465,9 n}
{0 250,1 0.519751,2 18,3 26.722222,4 1.810811,5 19.088057,6 3096,7 2475,8 26.51735,9 n}
{0 257,1 0.536534,2 20,3 23.95,4 1.912317,5 20.185428,6 3173,7 2541,8 20.743704,9 n}
{0 261,1 0.531568,2 21,3 23.380952,4 1.771894,5 17.417554,6 3024,7 2445,8 33.201093,9 n}
{0 284,1 0.596639,2 21,3 22.666667,4 1.796218,5 17.301961,6 3033,7 2468,8 31.868249,9 n}
{0 232,1 0.491525,2 19,3 24.842105,4 1.677966,5 16.801249,6 2869,7 2288,8 39.664331,9 n}
{0 285,1 0.585216,2 24,3 20.291667,4 1.511294,5 12.716256,6 2919,7 2042,8 58.383517,9 o}
{0 292,1 0.58871,2 21,3 23.619048,4 1.768145,5 17.996006,6 3152,7 2394,8 33.276586,9 o}
{0 228,1 0.466258,2 12,3 40.75,4 1.842536,5 26.115951,6 3088,7 2469,8 9.595222,9 o}
{0 274,1 0.572025,2 14,3 34.214286,4 1.820459,5 23.12204,6 3194,7 2407,8 18.096644,9 o}
{0 294,1 0.602459,2 17,3 28.705882,4 1.538934,5 15.99055,6 2984,7 2106,8 47.504677,9 o}
{0 253,1 0.522727,2 19,3 25.473684,4 1.840909,5 20.106829,6 3015,7 2445,8 25.238301,9 o}
{0 234,1 0.468938,2 20,3 24.95,4 1.945892,5 20.881804,6 3323,7 2714,8 16.888305,9 o}
{0 281,1 0.578189,2 17,3 28.588235,4 1.90535,5 21.805664,6 3132,7 2523,8 16.625349,9 o}
{0 272,1 0.552846,2 21,3 23.428571,4 1.977642,5 20.590941,6 3322,7 2686,8 15.746463,9 o}
{0 283,1 0.561508,2 17,3 29.647059,4 2.031746,5 23.128665,6 3404,7 2752,8 4.857521,9 o}
{0 291,1 0.584337,2 15,3 33.2,4 1.797189,5 23.320161,6 3280,7 2502,8 21.094831,9 o}
{0 268,1 0.553719,2 18,3 26.888889,4 1.657025,5 17.284481,6 2937,7 2291,8 39.35848,9 o}
{0 279,1 0.553571,2 16,3 31.5,4 1.759921,5 20.139683,6 3140,7 2487,8 25.973214,9 o}
{0 277,1 0.558468,2 16,3 31,4 1.747984,5 20.383871,6 3084,7 2443,8 27.490565,9 o}
{0 273,1 0.547094,2 11,3 45.363636,4 1.54509,5 23.035234,6 3045,7 2221,8 30.07628,9 o}
{0 280,1 0.55336,2 20,3 25.3,4 1.606719,5 15.574545,6 2909,7 2317,8 45.227042,9 p}
{0 277,1 0.557344,2 22,3 22.590909,4 1.537223,5 14.348235,6 2750,7 2168,8 53.856133,9 p}
{0 253,1 0.531513,2 30,3 15.866667,4 1.508403,5 10.464314,6 2672,7 2081,8 63.119409,9 p}
{0 281,1 0.577002,2 17,3 28.647059,4 1.542094,5 15.976277,6 2822,7 2229,8 47.297044,9 p}
{0 308,1 0.632444,2 18,3 27.055556,4 1.626283,5 17.393064,6 2879,7 2287,8 41.790038,9 p}
{0 286,1 0.588477,2 18,3 27,4 1.602881,5 16.149794,6 2798,7 2222,8 43.826296,9 p}
{0 281,1 0.568826,2 22,3 22.454545,4 1.552632,5 13.921089,6 2767,7 2128,8 52.691005,9 p}
{0 279,1 0.553571,2 28,3 18,4 1.543651,5 11.803175,6 2898,7 2265,8 57.972143,9 p}
{0 268,1 0.531746,2 33,3 15.272727,4 1.531746,5 10.31544,6 2849,7 2238,8 61.747468,9 p}
{0 242,1 0.484,2 29,3 17.241379,4 1.544,5 11.936552,6 2809,7 2206,8 58.7126,9 p}
{0 249,1 0.509202,2 27,3 18.111111,4 1.566462,5 12.561418,6 2820,7 2222,8 55.929523,9 p}
{0 274,1 0.551308,2 29,3 17.137931,4 1.545272,5 11.442698,6 2890,7 2272,8 58.71002,9 p}
{0 263,1 0.531313,2 28,3 17.678571,4 1.533333,5 11.758297,6 2883,7 2267,8 59.17125,9 p}
{0 283,1 0.590814,2 22,3 21.772727,4 1.709812,5 16.642285,6 2988,7 2349,8 40.085577,9 p}
{0 262,1 0.540206,2 22,3 22.045455,4 1.620619,5 15.168697,6 2873,7 2239,8 47.354534,9 p}
{0 292,1 0.593496,2 21,3 23.428571,4 1.747967,5 17.420209,6 3078,7 2456,8 35.176951,9 p}
{0 276,1 0.559838,2 25,3 19.72,4 1.72211,5 15.271367,6 3008,7 2399,8 41.128733,9 p}
{0 284,1 0.586777,2 19,3 25.473684,4 1.834711,5 19.693606,6 3113,7 2535,8 25.762682,9 p}
{0 275,1 0.55,2 21,3 23.809524,4 1.734,5 17.84381,6 3054,7 2452,8 35.971933,9 p}
{0 275,1 0.561224,2 20,3 24.5,4 1.606122,5 16.24898,6 2851,7 2255,8 46.089541,9 p}
{0 239,1 0.476096,2 24,3 20.916667,4 1.796813,5 17.290969,6 3128,7 2521,8 33.594225,9 pp}
{0 271,1 0.555328,2 25,3 19.52,4 1.901639,5 17.726033,6 3155,7 2591,8 26.143511,9 pp}
{0 280,1 0.572597,2 26,3 18.807692,4 1.91002,5 17.993425,6 3287,7 2681,8 26.157462,9 pp}
{0 254,1 0.511066,2 27,3 18.407407,4 1.869215,5 16.296565,6 3222,7 2652,8 30.015868,9 pp}
{0 279,1 0.560241,2 28,3 17.785714,4 1.742972,5 14.343201,6 3120,7 2524,8 41.327078,9 pp}
{0 262,1 0.521912,2 35,3 14.342857,4 1.721116,5 12.749095,6 3120,7 2528,8 46.670625,9 pp}
{0 251,1 0.524008,2 31,3 15.451613,4 1.964509,5 16.452044,6 3289,7 2722,8 24.954118,9 pp}
{0 239,1 0.480885,2 26,3 19.115385,4 1.877264,5 16.740721,6 3259,7 2692,8 28.616386,9 pp}
{0 266,1 0.520548,2 28,3 18.25,4 1.908023,5 15.910568,6 3370,7 2795,8 26.892463,9 pp}
{0 250,1 0.509165,2 27,3 18.185185,4 1.816701,5 16.316844,6 3152,7 2565,8 34.684165,9 pp}
{0 238,1 0.485714,2 32,3 15.3125,4 1.636735,5 12.084184,6 2922,7 2327,8 52.825057,9 pp}
{0 227,1 0.462322,2 26,3 18.884615,4 1.749491,5 15.293154,6 2961,7 2412,8 39.660191,9 pp}
{0 231,1 0.464789,2 32,3 15.53125,4 1.750503,5 14.180307,6 3027,7 2428,8 42.978226,9 pp}
{0 203,1 0.410101,2 24,3 20.625,4 1.755556,5 15.926768,6 2990,7 2436,8 37.380625,9 pp}
{0 245,1 0.50308,2 33,3 14.757576,4 1.7577,5 13.459498,6 3044,7 2460,8 43.154623,9 pp}
{0 245,1 0.495951,2 19,3 26,4 1.789474,5 19.549798,6 3002,7 2420,8 29.055526,9 pp}
{0 219,1 0.440644,2 20,3 24.85,4 1.702213,5 17.424909,6 2939,7 2379,8 37.605007,9 pp}
{0 259,1 0.539583,2 22,3 21.818182,4 1.827083,5 17.143939,6 3001,7 2452,8 30.118295,9 pp}
{0 261,1 0.54375,2 19,3 25.263158,4 1.8125,5 19.77193,6 3018,7 2430,8 27.855395,9 pp}
{0 277,1 0.574689,2 17,3 28.352941,4 1.983402,5 23.291384,6 3193,7 2624,8 10.260914,9 pp}
{0 245,1 0.505155,2 22,3 22.045455,4 1.76701,5 17.065604,6 2988,7 2414,8 34.969791,9 pp}
{0 256,1 0.515091,2 24,3 20.708333,4 1.732394,5 16.009691,6 3004,7 2410,8 39.255478,9 pp}
{0 230,1 0.465587,2 24,3 20.583333,4 1.659919,5 15.601754,6 2886,7 2302,8 45.513767,9 s}
{0 266,1 0.538462,2 23,3 21.478261,4 1.769231,5 16.68847,6 3020,7 2428,8 35.357642,9 s}
{0 256,1 0.514056,2 26,3 19.153846,4 1.546185,5 13.284028,6 2741,7 2149,8 56.586617,9 s}
{0 272,1 0.53125,2 27,3 18.962963,4 1.658203,5 15.00706,6 2934,7 2312,8 47.303608,9 s}
{0 244,1 0.484127,2 23,3 21.913043,4 1.748016,5 17.336646,6 2957,7 2360,8 36.711118,9 s}
{0 248,1 0.513458,2 19,3 25.421053,4 1.732919,5 18.864073,6 2868,7 2272,8 34.427663,9 s}
{0 245,1 0.483235,2 27,3 18.777778,4 1.7357,5 15.400657,6 2999,7 2409,8 40.935319,9 s}
{0 257,1 0.530992,2 30,3 16.133333,4 1.652893,5 12.81697,6 2854,7 2258,8 50.624956,9 s}
{0 247,1 0.493014,2 27,3 18.555556,4 1.856287,5 17.242582,6 3102,7 2530,8 30.959195,9 s}
{0 283,1 0.576375,2 24,3 20.458333,4 1.714868,5 15.433842,6 2920,7 2336,8 40.991991,9 s}
{0 262,1 0.527163,2 30,3 16.566667,4 1.841046,5 15.721234,6 3077,7 2468,8 34.267318,9 s}
{0 242,1 0.495902,2 23,3 21.217391,4 1.827869,5 17.667284,6 3036,7 2451,8 30.661643,9 s}
{0 250,1 0.501002,2 30,3 16.633333,4 1.633267,5 12.985999,6 2895,7 2301,8 51.777818,9 s}
{0 269,1 0.520309,2 26,3 19.884615,4 1.649903,5 14.684987,6 3038,7 2413,8 47.070297,9 s}
{0 233,1 0.496802,2 21,3 22.333333,4 1.722814,5 17.462118,6 2866,7 2210,8 38.41656,9 ss}
{0 263,1 0.544513,2 36,3 13.416667,4 1.774327,5 14.310766,6 3080,7 2375,8 43.109009,9 ss}
{0 251,1 0.506048,2 25,3 19.84,4 1.77621,5 17.290839,6 3134,7 2477,8 36.430061,9 ss}
{0 249,1 0.514463,2 30,3 16.133333,4 1.743802,5 15.131019,6 3089,7 2425,8 42.934047,9 ss}
{0 258,1 0.520161,2 36,3 13.777778,4 1.71371,5 13.817563,6 3076,7 2349,8 47.870717,9 ss}
{0 235,1 0.490605,2 33,3 14.515152,4 1.691023,5 13.154704,6 2930,7 2294,8 49.041578,9 ss}
{0 246,1 0.475822,2 10,3 51.7,4 2.003868,5 33.05911,6 3556,7 2883,8 -15.167773,9 ss}
{0 205,1 0.406746,2 7,3 72,4 1.934524,5 40.546032,6 3305,7 2690,8 -29.905714,9 ss}
{0 221,1 0.447368,2 11,3 44.909091,4 1.8583,5 28.570924,6 3111,7 2520,8 4.040127,9 ss}
{0 228,1 0.488223,2 15,3 31.133333,4 1.762313,5 21.18995,6 2839,7 2261,8 26.143018,9 ss}
{0 260,1 0.531697,2 12,3 40.75,4 1.832311,5 25.543354,6 3192,7 2547,8 10.460253,9 ss}
{0 272,1 0.525097,2 14,3 37,4 1.843629,5 24.91583,6 3305,7 2691,8 13.308958,9 ss}
{0 225,1 0.467775,2 13,3 37,4 1.89605,5 25.444491,6 3068,7 2529,8 8.874179,9 ss}
{0 267,1 0.544898,2 9,3 54.444444,4 2.065306,5 35.328798,6 3409,7 2813,8 -23.151009,9 ss}
{0 251,1 0.489279,2 9,3 57,4 2,5 34.963743,6 3432,7 2798,8 -20.22,9 ss}
{0 236,1 0.480652,2 16,3 30.6875,4 1.822811,5 21.643635,6 3023,7 2406,8 21.477412,9 uu}
{0 238,1 0.494802,2 13,3 37,4 1.767152,5 23.864449,6 2919,7 2356,8 19.77896,9 uu}
{0 259,1 0.521127,2 16,3 31.0625,4 1.694165,5 19.185563,6 2902,7 2314,8 31.980204,9 uu}
{0 244,1 0.494929,2 12,3 41.083333,4 1.667343,5 22.761934,6 2882,7 2300,8 24.078216,9 uu}
{0 253,1 0.509054,2 18,3 27.611111,4 1.738431,5 18.69032,6 2962,7 2362,8 31.738495,9 uu}
{0 244,1 0.484127,2 16,3 31.5,4 1.787698,5 21.965079,6 3080,7 2485,8 23.623214,9 uu}
{0 234,1 0.474645,2 18,3 27.388889,4 1.6714,5 17.527564,6 2918,7 2342,8 37.634872,9 uu}
{0 242,1 0.482072,2 15,3 33.466667,4 1.641434,5 20.318938,6 2976,7 2355,8 34.000995,9 uu}
{0 241,1 0.475345,2 19,3 26.684211,4 1.627219,5 17.143112,6 2948,7 2324,8 42.087804,9 uu}
{0 242,1 0.486922,2 14,3 35.5,4 1.706237,5 21.845875,6 3025,7 2390,8 26.454814,9 uu}
{0 228,1 0.471074,2 17,3 28.470588,4 1.621901,5 17.256004,6 2809,7 2186,8 40.724543,9 uu}
{0 239,1 0.494824,2 19,3 25.421053,4 1.668737,5 17.042127,6 2880,7 2299,8 39.857476,9 uu}
{0 234,1 0.484472,2 21,3 23,4 1.819876,5 19.386335,6 3064,7 2490,8 29.528509,9 uu}
{0 248,1 0.49501,2 20,3 25.05,4 1.682635,5 17.045948,6 2965,7 2383,8 39.058352,9 uu}
{0 258,1 0.509881,2 20,3 25.3,4 1.741107,5 18.736601,6 3073,7 2501,8 33.857872,9 uu}
{0 252,1 0.508065,2 21,3 23.619048,4 1.6875,5 16.463748,6 2996,7 2415,8 40.099167,9 uu}
{0 232,1 0.462151,2 21,3 23.904762,4 1.737052,5 17.37067,6 3001,7 2392,8 35.617085,9 uu}
{0 235,1 0.484536,2 18,3 26.944444,4 1.773196,5 18.942726,6 2887,7 2282,8 29.474018,9 uu}
{0 260,1 0.555556,2 16,3 29.25,4 1.688034,5 19.563248,6 2806,7 2189,8 34.338558,9 vv}
{0 261,1 0.54375,2 13,3 36.923077,4 1.597917,5 21.102564,6 2784,7 2097,8 34.174327,9 vv}
{0 238,1 0.488706,2 18,3 27.055556,4 1.661191,5 17.721606,6 2917,7 2311,8 38.836855,9 vv}
{0 245,1 0.511482,2 17,3 28.176471,4 1.611691,5 16.698563,6 2875,7 2216,8 41.886822,9 vv}
{0 266,1 0.554167,2 16,3 30,4 1.741667,5 20.583333,6 2950,7 2308,8 29.04,9 vv}
{0 265,1 0.540816,2 16,3 30.625,4 1.673469,5 19.270408,6 2884,7 2281,8 34.175115,9 vv}
{0 264,1 0.545455,2 18,3 26.888889,4 1.72314,5 18.358861,6 2875,7 2295,8 33.765092,9 vv}
{0 275,1 0.545635,2 16,3 31.5,4 1.664683,5 19.901587,6 2999,7 2351,8 34.030357,9 vv}
{0 257,1 0.527721,2 14,3 34.785714,4 1.657084,5 20.731534,6 2869,7 2284,8 31.338178,9 vv}

Calculating InfoGain on the training set's features
===================================================
Features InfoGain score (non-zero only):
----------------------------------------
> Character-Space{-}                 0.799311
> Gunning-Fog-Readability-Index{-}   0.427871
> Flesch-Reading-Ease-Score{-}       0.407926
> Sentence-Count{-}                  0.382445
> Average-Sentence-Length{-}         0.381027
> Letter-Space{-}                    0.378126
> Average-Syllables-in-Word{-}       0.371706
> Complexity{-}                      0.340070

Feature-type breakdown:
-----------------------
> Letter-Space                    0.378126 (10.84%)
> Sentence-Count                  0.382445 (10.96%)
> Unique-Words-Count              0.000000 (0.00%)
> Complexity                      0.340070 (9.75%)
> Average-Syllables-in-Word       0.371706 (10.66%)
> Gunning-Fog-Readability-Index   0.427871 (12.27%)
> Average-Sentence-Length         0.381027 (10.92%)
> Flesch-Reading-Ease-Score       0.407926 (11.69%)
> Character-Space                 0.799311 (22.91%)

done!

2013-03-22, 16:22:33 Starting 10-folds cross-validation on training corpus phase...

================================================================================

Running analysis with classifier 1 out of 1:
> Classifier: weka.classifiers.functions.SMO
> Options:    -C 1.0 -L 0.0010 -P 1.0E-12 -N 0 -V -1 -W 1 -K weka.classifiers.functions.supportVector.PolyKernel -C 250007 -E 1.0 

2013-03-22, 16:22:33 Starting cross validation...
2013-03-22, 16:22:42 done!

=== Summary ===

Correctly Classified Instances          92               38.3333 %
Incorrectly Classified Instances       148               61.6667 %
Kappa statistic                          0.3302
Mean absolute error                      0.1188
Root mean squared error                  0.2412
Relative absolute error                 95.7347 %
Root relative squared error             96.8468 %
Total Number of Instances              240     

=== Detailed Accuracy By Class ===

               TP Rate   FP Rate   Precision   Recall  F-Measure   ROC Area  Class
                 0.778     0.162      0.28      0.778     0.412      0.888    cc
                 0.231     0          1         0.231     0.375      0.831    d
                 0.5       0.059      0.435     0.5       0.465      0.872    hh
                 0.526     0.054      0.455     0.526     0.488      0.887    k
                 0.235     0.031      0.364     0.235     0.286      0.833    kk
                 0.214     0.022      0.375     0.214     0.273      0.849    l
                 0         0          0         0         0          0.577    ll
                 0         0          0         0         0          0.644    n
                 0         0          0         0         0          0.771    o
                 0.65      0.109      0.351     0.65      0.456      0.868    p
                 0.727     0.128      0.364     0.727     0.485      0.873    pp
                 0         0.004      0         0         0          0.717    s
                 0.2       0          1         0.2       0.333      0.824    ss
                 0.889     0.099      0.421     0.889     0.571      0.932    uu
                 0         0          0         0         0          0.841    vv
Weighted Avg.    0.383     0.053      0.352     0.383     0.311      0.824

=== Confusion Matrix ===

  a  b  c  d  e  f  g  h  i  j  k  l  m  n  o   <-- classified as
 14  0  0  0  0  1  0  0  0  0  0  0  0  3  0 |  a = cc
  3  3  0  0  1  1  0  0  0  1  3  0  0  1  0 |  b = d
  0  0 10  3  0  0  0  0  0  0  5  0  0  2  0 |  c = hh
  0  0  1 10  2  0  0  0  0  4  1  1  0  0  0 |  d = k
  1  0  4  3  4  0  0  0  0  3  0  0  0  2  0 |  e = kk
  6  0  0  0  0  3  0  0  0  5  0  0  0  0  0 |  f = l
  2  0  1  1  1  0  0  0  0  5  2  0  0  1  0 |  g = ll
  5  0  0  0  0  1  0  0  0  0  2  0  0  5  0 |  h = n
  8  0  0  0  0  1  0  0  0  3  2  0  0  1  0 |  i = o
  2  0  1  3  0  1  0  0  0 13  0  0  0  0  0 |  j = p
  2  0  3  0  0  0  0  0  0  0 16  0  0  1  0 |  k = pp
  0  0  2  2  0  0  0  0  0  3  6  0  0  1  0 |  l = s
  3  0  1  0  0  0  0  0  0  0  5  0  3  3  0 |  m = ss
  0  0  0  0  0  0  0  0  0  0  2  0  0 16  0 |  n = uu
  4  0  0  0  3  0  0  0  0  0  0  0  0  2  0 |  o = vv

