============================ JStylo Analysis Output ============================
Started analysis on 2013-03-22, 16:37:03
Running 10-folds cross validation on training corpus

Training corpus:
> b (17 documents)
> bb (19 documents)
> d (13 documents)
> dd (14 documents)
> e (16 documents)
> ff (14 documents)
> gg (14 documents)
> h (18 documents)
> hh (20 documents)
> ii (14 documents)
> ll (13 documents)
> n (13 documents)
> nn (13 documents)
> p (20 documents)
> q (15 documents)
> qq (23 documents)
> rr (14 documents)
> ss (15 documents)
> t (13 documents)
> tt (16 documents)
> uu (18 documents)
> vv (14 documents)
> w (14 documents)
> ww (15 documents)
> y (13 documents)

Feature set: 9 feature-set:
> Unique Words Count
> Complexity
> Sentence Count
> Average Sentence Length
> Average Syllables in Word
> Gunning-Fog Readability Index
> Character Space
> Letter Space
> Flesch Reading Ease Score

Classifiers used:
> weka.classifiers.functions.SMO                    	-C 1.0 -L 0.0010 -P 1.0E-12 -N 0 -V -1 -W 1 -K weka.classifiers.functions.supportVector.PolyKernel -C 250007 -E 1.0 

================================================================================

2013-03-22, 16:37:03 Extracting features from training corpus (using sparse representation)...
2013-03-22, 16:37:11 done!

Training corpus features (ARFF):
================================
@relation JStylo

@attribute 'Unique-Words-Count{-}' numeric
@attribute 'Complexity{-}' numeric
@attribute 'Sentence-Count{-}' numeric
@attribute 'Average-Sentence-Length{-}' numeric
@attribute 'Average-Syllables-in-Word{-}' numeric
@attribute 'Gunning-Fog-Readability-Index{-}' numeric
@attribute 'Character-Space{-}' numeric
@attribute 'Letter-Space{-}' numeric
@attribute 'Flesch-Reading-Ease-Score{-}' numeric
@attribute authorName {b,bb,d,dd,e,ff,gg,h,hh,ii,ll,n,nn,p,q,qq,rr,ss,t,tt,uu,vv,w,ww,y}

@data
{0 265,1 0.534274,2 27,3 18.37037,4 1.814516,5 15.573955,6 3260,7 2444,8 34.68101}
{0 255,1 0.529046,2 30,3 16.066667,4 1.848548,5 15.14036,6 3151,7 2399,8 34.140196}
{0 287,1 0.602941,2 18,3 26.444444,4 1.970588,5 20.745845,6 3572,7 2539,8 13.282124}
{0 249,1 0.528662,2 25,3 18.84,4 1.900212,5 17.98186,6 3211,7 2453,8 26.954438}
{0 210,1 0.43299,2 22,3 22.045455,4 1.727835,5 17.642924,6 3060,7 2266,8 38.284018}
{0 240,1 0.48583,2 28,3 17.642857,4 1.696356,5 15.72111,6 3138,7 2283,8 45.415759}
{0 266,1 0.534137,2 28,3 17.785714,4 1.925703,5 18.278944,6 3443,7 2608,8 25.868042}
{0 221,1 0.452869,2 27,3 18.074074,4 1.938525,5 18.377171,6 3236,7 2535,8 24.490634}
{0 257,1 0.534304,2 21,3 22.904762,4 1.89605,5 18.974795,6 3338,7 2499,8 23.180845}
{0 276,1 0.556452,2 19,3 26.105263,4 1.743952,5 18.425976,6 3321,7 2412,8 32.799851}
{0 290,1 0.594262,2 21,3 23.238095,4 1.723361,5 16.180484,6 3192,7 2407,8 37.452022}
{0 268,1 0.546939,2 24,3 20.416667,4 1.565306,5 12.819728,6 3163,7 2243,8 53.687185}
{0 276,1 0.545455,2 23,3 22,4 1.596838,5 13.859289,6 3277,7 2364,8 49.41251}
{0 241,1 0.503132,2 21,3 22.809524,4 1.693111,5 15.052828,6 3135,7 2383,8 40.446173}
{0 263,1 0.516699,2 20,3 25.45,4 1.59332,5 15.838153,6 3132,7 2319,8 46.208358}
{0 277,1 0.559596,2 21,3 23.571429,4 1.70101,5 15.81241,6 3398,7 2487,8 39.004545}
{0 293,1 0.595528,2 10,3 49.2,4 1.804878,5 28.460488,6 3534,7 2501,8 4.204317}
{0 237,1 0.486653,2 29,3 16.793103,4 1.535934,5 11.234695,6 2699,7 2094,8 59.849959,9 bb}
{0 250,1 0.510204,2 26,3 18.846154,4 1.54898,5 12.599686,6 2731,7 2151,8 56.66248,9 bb}
{0 276,1 0.559838,2 25,3 19.72,4 1.567951,5 13.648649,6 2778,7 2144,8 54.170518,9 bb}
{0 253,1 0.518443,2 22,3 22.181818,4 1.635246,5 14.692399,6 2895,7 2212,8 45.978651,9 bb}
{0 233,1 0.48847,2 24,3 19.875,4 1.557652,5 12.142872,6 2688,7 2118,8 54.884517,9 bb}
{0 253,1 0.522727,2 23,3 21.043478,4 1.584711,5 13.624003,6 2747,7 2152,8 51.409341,9 bb}
{0 224,1 0.459959,2 26,3 18.730769,4 1.49692,5 11.681219,6 2676,7 2091,8 61.183844,9 bb}
{0 259,1 0.529652,2 26,3 18.807692,4 1.650307,5 13.00365,6 2902,7 2264,8 48.129241,9 bb}
{0 236,1 0.488613,2 27,3 17.888889,4 1.509317,5 11.54479,6 2657,7 2088,8 60.989579,9 bb}
{0 254,1 0.531381,2 24,3 19.916667,4 1.600418,5 12.820223,6 2737,7 2140,8 51.224186,9 bb}
{0 224,1 0.456212,2 23,3 21.347826,4 1.641548,5 15.137908,6 2895,7 2303,8 46.292007,9 bb}
{0 283,1 0.576375,2 26,3 18.884615,4 1.606925,5 13.175027,6 2836,7 2223,8 51.721291,9 bb}
{0 264,1 0.542094,2 27,3 18.037037,4 1.694045,5 14.442741,6 3005,7 2388,8 45.211186,9 bb}
{0 253,1 0.525988,2 27,3 17.814815,4 1.619543,5 13.362932,6 2751,7 2137,8 51.739657,9 bb}
{0 278,1 0.572016,2 28,3 17.357143,4 1.697531,5 14.432569,6 2955,7 2355,8 45.606389,9 bb}
{0 228,1 0.477987,2 25,3 19.08,4 1.561845,5 12.328017,6 2701,7 2099,8 55.336725,9 bb}
{0 237,1 0.476861,2 29,3 17.137931,4 1.54326,5 11.603663,6 2862,7 2240,8 58.880241,9 bb}
{0 243,1 0.482143,2 29,3 17.37931,4 1.55754,5 11.396169,6 2815,7 2210,8 57.427143,9 bb}
{0 246,1 0.49004,2 20,3 25.1,4 1.609562,5 15.05992,6 2839,7 2245,8 45.189576,9 bb}
{0 259,1 0.525355,2 20,3 24.65,4 1.827586,5 19.75858,6 3295,7 2469,8 27.201457,9 d}
{0 231,1 0.472393,2 24,3 20.375,4 1.766871,5 16.657157,6 3219,7 2379,8 36.677074,9 d}
{0 247,1 0.496982,2 22,3 22.590909,4 1.788732,5 18.694311,6 3265,7 2456,8 32.578467,9 d}
{0 286,1 0.594595,2 25,3 19.24,4 1.825364,5 17.84153,6 3378,7 2449,8 32.88062,9 d}
{0 279,1 0.563636,2 18,3 27.5,4 1.737374,5 19.242424,6 3300,7 2416,8 31.940682,9 d}
{0 278,1 0.567347,2 24,3 20.416667,4 1.810204,5 17.472789,6 3213,7 2417,8 32.968818,9 d}
{0 262,1 0.535787,2 15,3 32.6,4 1.574642,5 19.01137,6 2969,7 2175,8 40.531276,9 d}
{0 247,1 0.497984,2 18,3 27.555556,4 1.739919,5 19.086738,6 3203,7 2440,8 31.668934,9 d}
{0 273,1 0.558282,2 23,3 21.26087,4 1.707566,5 15.293714,6 3177,7 2278,8 40.795095,9 d}
{0 281,1 0.55315,2 17,3 29.882353,4 1.807087,5 20.535618,6 3481,7 2520,8 23.624884,9 d}
{0 275,1 0.541339,2 18,3 28.222222,4 1.777559,5 20.422747,6 3324,7 2491,8 27.807948,9 d}
{0 282,1 0.549708,2 22,3 23.318182,4 1.890838,5 19.229807,6 3495,7 2656,8 23.202133,9 d}
{0 272,1 0.530214,2 21,3 24.428571,4 1.826511,5 19.59599,6 3482,7 2594,8 27.517193,9 d}
{0 254,1 0.533613,2 20,3 23.8,4 1.670168,5 15.738487,6 3018,7 2171,8 41.381782,9 dd}
{0 266,1 0.530938,2 20,3 25.05,4 1.562874,5 14.890259,6 3125,7 2260,8 49.190088,9 dd}
{0 259,1 0.560606,2 17,3 27.176471,4 1.601732,5 16.325134,6 3075,7 2145,8 43.744389,9 dd}
{0 288,1 0.586558,2 21,3 23.380952,4 1.696538,5 16.358491,6 3281,7 2382,8 39.576246,9 dd}
{0 284,1 0.566866,2 19,3 26.368421,4 1.58483,5 16.934594,6 3021,7 2205,8 45.994406,9 dd}
{0 235,1 0.47,2 19,3 26.315789,4 1.404,5 14.286316,6 2841,7 2054,8 61.346074,9 dd}
{0 272,1 0.546185,2 19,3 26.210526,4 1.550201,5 15.865737,6 2982,7 2197,8 49.084328,9 dd}
{0 287,1 0.601677,2 20,3 23.85,4 1.675052,5 15.997023,6 3090,7 2240,8 40.917816,9 dd}
{0 223,1 0.44246,2 14,3 36,4 1.460317,5 18.209524,6 3119,7 2062,8 46.752143,9 dd}
{0 273,1 0.552632,2 20,3 24.7,4 1.657895,5 16.519676,6 3329,7 2343,8 41.506605,9 dd}
{0 275,1 0.542406,2 25,3 20.28,4 1.60355,5 14.344742,6 3136,7 2295,8 50.590445,9 dd}
{0 294,1 0.611227,2 21,3 22.904762,4 1.669439,5 16.646312,6 3238,7 2262,8 42.352155,9 dd}
{0 284,1 0.570281,2 21,3 23.714286,4 1.598394,5 15.509811,6 3241,7 2305,8 47.540904,9 dd}
{0 288,1 0.593814,2 21,3 23.095238,4 1.616495,5 15.671085,6 3161,7 2180,8 46.637869,9 dd}
{0 229,1 0.459839,2 26,3 19.153846,4 1.827309,5 16.978808,6 3150,7 2455,8 32.803485,9 e}
{0 227,1 0.458586,2 28,3 17.678571,4 1.921212,5 18.707792,6 3185,7 2500,8 26.356705,9 e}
{0 259,1 0.528571,2 20,3 24.5,4 1.926531,5 20.738776,6 3147,7 2516,8 18.98301,9 e}
{0 232,1 0.462151,2 21,3 23.904762,4 1.772908,5 17.530032,6 3047,7 2371,8 32.583619,9 e}
{0 231,1 0.472393,2 17,3 28.764706,4 1.811861,5 20.340238,6 3029,7 2397,8 24.355388,9 e}
{0 225,1 0.454545,2 19,3 26.052632,4 1.929293,5 20.441255,6 3123,7 2563,8 17.173397,9 e}
{0 204,1 0.403162,2 15,3 33.733333,4 1.942688,5 24.16527,6 3243,7 2678,8 8.244283,9 e}
{0 252,1 0.529412,2 22,3 21.636364,4 1.953782,5 19.158747,6 3129,7 2539,8 19.584175,9 e}
{0 215,1 0.438776,2 18,3 27.222222,4 1.602041,5 16.76644,6 2838,7 2246,8 43.671791,9 e}
{0 233,1 0.462302,2 18,3 28,4 1.615079,5 17.073016,6 2979,7 2320,8 41.779286,9 e}
{0 222,1 0.466387,2 16,3 29.75,4 1.613445,5 17.614286,6 2814,7 2215,8 40.141271,9 e}
{0 215,1 0.440574,2 14,3 34.857143,4 1.52459,5 18.533021,6 2816,7 2215,8 42.474672,9 e}
{0 227,1 0.459514,2 20,3 24.7,4 1.751012,5 18.462996,6 3069,7 2471,8 33.628872,9 e}
{0 227,1 0.468041,2 17,3 28.529412,4 1.857732,5 21.885992,6 3171,7 2570,8 20.713523,9 e}
{0 221,1 0.440239,2 21,3 23.904762,4 1.776892,5 17.211307,6 3084,7 2471,8 32.246567,9 e}
{0 228,1 0.461538,2 17,3 29.058824,4 1.84413,5 20.773327,6 3179,7 2583,8 21.326934,9 e}
{0 258,1 0.530864,2 23,3 21.130435,4 1.800412,5 17.011845,6 3023,7 2427,8 33.072794,9 ff}
{0 263,1 0.544513,2 20,3 24.15,4 1.745342,5 17.196232,6 3044,7 2379,8 34.666849,9 ff}
{0 285,1 0.576923,2 21,3 23.52381,4 1.769231,5 17.830576,6 3091,7 2449,8 33.28141,9 ff}
{0 258,1 0.525458,2 20,3 24.55,4 1.672098,5 16.907576,6 2949,7 2326,8 40.45728,9 ff}
{0 240,1 0.478088,2 20,3 25.1,4 1.74502,5 18.247171,6 3025,7 2406,8 33.729815,9 ff}
{0 249,1 0.526427,2 19,3 24.894737,4 1.676533,5 16.976922,6 2893,7 2182,8 39.73217,9 ff}
{0 262,1 0.544699,2 22,3 21.863636,4 1.677755,5 16.811983,6 2980,7 2294,8 42.705363,9 ff}
{0 256,1 0.520325,2 15,3 32.8,4 1.676829,5 19.542764,6 2902,7 2250,8 31.683244,9 ff}
{0 286,1 0.592133,2 22,3 21.954545,4 1.708075,5 15.241446,6 3027,7 2328,8 40.048031,9 ff}
{0 267,1 0.531873,2 21,3 23.904762,4 1.788845,5 18.565889,6 3103,7 2438,8 31.235412,9 ff}
{0 259,1 0.552239,2 24,3 19.541667,4 1.767591,5 16.516027,6 2859,7 2246,8 37.462042,9 ff}
{0 270,1 0.572034,2 21,3 22.47619,4 1.663136,5 16.10912,6 2857,7 2183,8 43.320395,9 ff}
{0 261,1 0.552966,2 24,3 19.666667,4 1.771186,5 17.103955,6 3013,7 2256,8 37.03096,9 ff}
{0 275,1 0.555556,2 21,3 23.571429,4 1.654545,5 16.701299,6 2971,7 2287,8 42.935455,9 ff}
{0 283,1 0.557087,2 17,3 29.882353,4 1.624016,5 18.252154,6 2998,7 2370,8 39.112679,9 gg}
{0 293,1 0.567829,2 13,3 39.692308,4 1.655039,5 22.311032,6 3130,7 2450,8 26.531029,9 gg}
{0 253,1 0.498031,2 23,3 22.086957,4 1.511811,5 13.401712,6 2837,7 2172,8 56.517527,9 gg}
{0 242,1 0.49187,2 17,3 28.941176,4 1.739837,5 19.869154,6 2973,7 2384,8 30.269462,9 gg}
{0 198,1 0.404908,2 17,3 28.764706,4 1.785276,5 20.258439,6 2914,7 2371,8 26.604468,9 gg}
{0 201,1 0.411885,2 17,3 28.705882,4 1.807377,5 21.482353,6 2979,7 2423,8 24.794431,9 gg}
{0 195,1 0.409664,2 18,3 26.444444,4 1.77521,5 19.149206,6 2793,7 2263,8 29.811116,9 gg}
{0 211,1 0.426263,2 23,3 21.521739,4 1.876768,5 19.275362,6 3022,7 2479,8 26.215889,9 gg}
{0 233,1 0.460474,2 21,3 24.095238,4 1.561265,5 14.381178,6 2847,7 2260,8 50.295329,9 gg}
{0 267,1 0.531873,2 21,3 23.904762,4 1.412351,5 12.749156,6 2727,7 2138,8 63.086806,9 gg}
{0 262,1 0.543568,2 21,3 22.952381,4 1.537344,5 13.911243,6 2742,7 2166,8 53.478997,9 gg}
{0 207,1 0.413174,2 18,3 27.833333,4 1.62475,5 17.360878,6 2872,7 2298,8 41.130274,9 gg}
{0 241,1 0.483936,2 25,3 19.92,4 1.604418,5 13.59049,6 2877,7 2270,8 50.882465,9 gg}
{0 218,1 0.449485,2 23,3 21.086957,4 1.531959,5 12.805917,6 2693,7 2116,8 55.828028,9 gg}
{0 254,1 0.513131,2 24,3 20.625,4 1.840404,5 16.977273,6 3169,7 2572,8 30.202443,9 h}
{0 264,1 0.532258,2 21,3 23.619048,4 1.97379,5 21.302458,6 3352,7 2761,8 15.879005,9 h}
{0 217,1 0.460722,2 27,3 17.444444,4 1.963907,5 18.782449,6 3039,7 2456,8 22.982392,9 h}
{0 240,1 0.48583,2 20,3 24.7,4 1.917004,5 20.244372,6 3193,7 2591,8 19.585957,9 h}
{0 222,1 0.439604,2 20,3 25.25,4 1.809901,5 18.020792,6 3086,7 2507,8 28.088626,9 h}
{0 253,1 0.515275,2 19,3 25.842105,4 1.863544,5 20.438675,6 3125,7 2548,8 22.949459,9 h}
{0 225,1 0.453629,2 19,3 26.105263,4 1.762097,5 18.506621,6 2984,7 2404,8 31.264771,9 h}
{0 259,1 0.524291,2 23,3 21.478261,4 1.923077,5 19.198592,6 3199,7 2615,8 22.342258,9 h}
{0 256,1 0.510978,2 22,3 22.772727,4 1.912176,5 19.727853,6 3223,7 2562,8 21.950622,9 h}
{0 248,1 0.505092,2 25,3 19.64,4 2.081466,5 21.460888,6 3390,7 2749,8 10.808343,9 h}
{0 259,1 0.519038,2 19,3 26.263158,4 1.861723,5 20.284822,6 3249,7 2642,8 22.676091,9 h}
{0 251,1 0.510163,2 24,3 20.5,4 1.737805,5 15.110569,6 3032,7 2355,8 39.009207,9 h}
{0 263,1 0.516699,2 22,3 23.136364,4 1.80943,5 18.52763,6 3258,7 2606,8 30.273791,9 h}
{0 244,1 0.495935,2 20,3 24.6,4 1.825203,5 19.84,6 3054,7 2469,8 27.453805,9 h}
{0 235,1 0.47,2 23,3 21.73913,4 1.796,5 17.815652,6 3046,7 2470,8 32.828183,9 h}
{0 249,1 0.492095,2 19,3 26.631579,4 1.824111,5 19.269232,6 3200,7 2584,8 25.484185,9 h}
{0 246,1 0.495968,2 27,3 18.37037,4 1.895161,5 17.348148,6 3258,7 2653,8 27.858429,9 h}
{0 261,1 0.509766,2 23,3 22.26087,4 1.8125,5 17.732473,6 3251,7 2645,8 30.902717,9 h}
{0 229,1 0.472165,2 20,3 24.25,4 1.558763,5 15.308247,6 2696,7 2104,8 50.34991,9 hh}
{0 215,1 0.433468,2 32,3 15.5,4 1.461694,5 10.151613,6 2668,7 2018,8 67.443226,9 hh}
{0 240,1 0.47619,2 32,3 15.75,4 1.458333,5 10.268254,6 2723,7 2097,8 67.47375,9 hh}
{0 221,1 0.441118,2 31,3 16.16129,4 1.433134,5 10.217011,6 2612,7 1989,8 69.188177,9 hh}
{0 215,1 0.432596,2 21,3 23.666667,4 1.643863,5 16.710127,6 2740,7 2115,8 43.742508,9 hh}
{0 219,1 0.442424,2 28,3 17.678571,4 1.559596,5 13.374459,6 2731,7 2121,8 56.949432,9 hh}
{0 240,1 0.502092,2 28,3 17.071429,4 1.516736,5 11.849492,6 2631,7 2021,8 61.1916,9 hh}
{0 238,1 0.480808,2 25,3 19.8,4 1.466667,5 12.445253,6 2651,7 2035,8 62.658,9 hh}
{0 242,1 0.483034,2 30,3 16.7,4 1.473054,5 11.390579,6 2786,7 2127,8 65.264141,9 hh}
{0 220,1 0.474138,2 23,3 20.173913,4 1.55819,5 13.845427,6 2644,7 2001,8 54.535633,9 hh}
{0 237,1 0.478788,2 21,3 23.571429,4 1.719192,5 17.105339,6 2976,7 2367,8 37.466364,9 hh}
{0 241,1 0.493852,2 23,3 21.217391,4 1.772541,5 17.175481,6 3066,7 2437,8 35.342381,9 hh}
{0 271,1 0.545272,2 27,3 18.407407,4 1.756539,5 15.89415,6 3104,7 2439,8 39.548262,9 hh}
{0 216,1 0.459574,2 24,3 19.583333,4 1.855319,5 17.109929,6 2944,7 2346,8 29.997917,9 hh}
{0 244,1 0.494929,2 23,3 21.434783,4 1.711968,5 16.36296,6 2979,7 2352,8 40.246241,9 hh}
{0 222,1 0.455852,2 26,3 18.730769,4 1.689938,5 15.377318,6 2903,7 2265,8 44.854481,9 hh}
{0 240,1 0.479042,2 26,3 19.269231,4 1.646707,5 14.73364,6 2928,7 2307,8 47.965354,9 hh}
{0 246,1 0.482353,2 21,3 24.285714,4 1.678431,5 17.165266,6 3006,7 2407,8 40.189706,9 hh}
{0 253,1 0.511111,2 25,3 19.8,4 1.755556,5 16.728081,6 3061,7 2452,8 38.218,9 hh}
{0 242,1 0.490872,2 24,3 20.541667,4 1.667343,5 15.518898,6 2847,7 2287,8 44.928008,9 hh}
{0 252,1 0.510121,2 28,3 17.642857,4 1.459514,5 11.024754,6 2640,7 2042,8 65.452601,9 ii}
{0 263,1 0.533469,2 31,3 15.903226,4 1.535497,5 11.472852,6 2735,7 2130,8 60.790183,9 ii}
{0 243,1 0.501031,2 27,3 17.962963,4 1.459794,5 11.391371,6 2585,7 1991,8 65.104036,9 ii}
{0 248,1 0.503043,2 26,3 18.961538,4 1.529412,5 13.264129,6 2689,7 2092,8 58.200803,9 ii}
{0 249,1 0.523109,2 27,3 17.62963,4 1.510504,5 12.009835,6 2636,7 2039,8 61.15227,9 ii}
{0 250,1 0.524109,2 29,3 16.448276,4 1.580713,5 11.946187,6 2700,7 2094,8 56.411698,9 ii}
{0 262,1 0.545833,2 25,3 19.2,4 1.710417,5 15.013333,6 2825,7 2254,8 42.64575,9 ii}
{0 252,1 0.507042,2 17,3 29.235294,4 1.750503,5 20.064339,6 2941,7 2394,8 29.068621,9 ii}
{0 238,1 0.496868,2 18,3 26.611111,4 1.899791,5 20.247785,6 3049,7 2497,8 19.102384,9 ii}
{0 247,1 0.489109,2 22,3 22.954545,4 1.841584,5 17.973897,6 3232,7 2644,8 27.738117,9 ii}
{0 235,1 0.478615,2 16,3 30.6875,4 1.832994,5 20.910438,6 3038,7 2452,8 20.615904,9 ii}
{0 275,1 0.528846,2 21,3 24.761905,4 1.776923,5 17.981685,6 3110,7 2507,8 31.373974,9 ii}
{0 263,1 0.518738,2 24,3 21.125,4 1.621302,5 14.524951,6 2839,7 2230,8 48.230995,9 ii}
{0 246,1 0.504098,2 22,3 22.181818,4 1.64959,5 15.594039,6 2787,7 2213,8 44.765127,9 ii}
{0 267,1 0.557411,2 19,3 25.210526,4 1.837161,5 19.186507,6 3112,7 2492,8 25.822516,9 ll}
{0 268,1 0.54918,2 19,3 25.684211,4 1.760246,5 18.962209,6 3007,7 2402,8 31.848723,9 ll}
{0 250,1 0.507099,2 19,3 25.947368,4 1.758621,5 18.411402,6 2948,7 2384,8 31.719111,9 ll}
{0 256,1 0.520325,2 22,3 22.363636,4 1.664634,5 16.099926,6 2901,7 2303,8 43.30786,9 ll}
{0 273,1 0.562887,2 23,3 21.086957,4 1.65567,5 15.445092,6 2839,7 2243,8 45.362048,9 ll}
{0 264,1 0.5629,2 22,3 21.318182,4 1.601279,5 13.815119,6 2782,7 2144,8 49.728815,9 ll}
{0 270,1 0.554415,2 28,3 17.392857,4 1.681725,5 13.692256,6 2904,7 2274,8 46.907328,9 ll}
{0 274,1 0.551308,2 24,3 20.708333,4 1.587525,5 14.078102,6 2873,7 2206,8 51.511414,9 ll}
{0 250,1 0.504032,2 23,3 21.565217,4 1.647177,5 15.158345,6 2940,7 2326,8 45.595095,9 ll}
{0 254,1 0.517312,2 26,3 18.884615,4 1.716904,5 15.211687,6 3048,7 2416,8 42.417014,9 ll}
{0 272,1 0.552846,2 25,3 19.68,4 1.660569,5 14.294764,6 2911,7 2271,8 46.375654,9 ll}
{0 302,1 0.611336,2 18,3 27.444444,4 1.680162,5 18.022312,6 2914,7 2296,8 36.837188,9 ll}
{0 232,1 0.459406,2 25,3 20.2,4 1.720792,5 16.08,6 2995,7 2417,8 40.75299,9 ll}
{0 234,1 0.464286,2 23,3 21.913043,4 1.676587,5 15.828709,6 2957,7 2348,8 42.753975,9 n}
{0 250,1 0.514403,2 20,3 24.3,4 1.72428,5 17.868148,6 2958,7 2330,8 36.296426,9 n}
{0 241,1 0.483936,2 20,3 24.9,4 1.710843,5 17.590522,6 3020,7 2407,8 36.824151,9 n}
{0 281,1 0.55754,2 23,3 21.913043,4 1.777778,5 17.336646,6 3100,7 2463,8 34.193261,9 n}
{0 267,1 0.536145,2 21,3 23.714286,4 1.835341,5 18.240734,6 3119,7 2509,8 27.49512,9 n}
{0 264,1 0.545455,2 19,3 25.473684,4 1.826446,5 18.70187,6 3098,7 2495,8 26.461855,9 n}
{0 256,1 0.552916,2 18,3 25.722222,4 1.794816,5 19.532949,6 3011,7 2354,8 28.885476,9 n}
{0 259,1 0.545263,2 23,3 20.652174,4 1.791579,5 17.271396,6 3025,7 2378,8 34.305465,9 n}
{0 250,1 0.519751,2 18,3 26.722222,4 1.810811,5 19.088057,6 3096,7 2475,8 26.51735,9 n}
{0 257,1 0.536534,2 20,3 23.95,4 1.912317,5 20.185428,6 3173,7 2541,8 20.743704,9 n}
{0 261,1 0.531568,2 21,3 23.380952,4 1.771894,5 17.417554,6 3024,7 2445,8 33.201093,9 n}
{0 284,1 0.596639,2 21,3 22.666667,4 1.796218,5 17.301961,6 3033,7 2468,8 31.868249,9 n}
{0 232,1 0.491525,2 19,3 24.842105,4 1.677966,5 16.801249,6 2869,7 2288,8 39.664331,9 n}
{0 298,1 0.593625,2 30,3 16.733333,4 1.517928,5 10.916441,6 3128,7 2199,8 61.433934,9 nn}
{0 277,1 0.552894,2 24,3 20.875,4 1.638723,5 14.976747,6 3218,7 2351,8 47.010947,9 nn}
{0 293,1 0.597959,2 26,3 18.846154,4 1.589796,5 13.33438,6 3109,7 2207,8 53.209419,9 nn}
{0 291,1 0.589069,2 28,3 17.642857,4 1.692308,5 14.911394,6 3239,7 2357,8 45.758269,9 nn}
{0 260,1 0.545073,2 25,3 19.08,4 1.775681,5 16.269317,6 3110,7 2296,8 37.246158,9 nn}
{0 261,1 0.56129,2 29,3 16.034483,4 1.612903,5 12.435298,6 3001,7 2110,8 54.108387,9 nn}
{0 278,1 0.561616,2 27,3 18.333333,4 1.626263,5 13.79798,6 3121,7 2297,8 50.644848,9 nn}
{0 280,1 0.567951,2 25,3 19.72,4 1.701826,5 16.082726,6 3362,7 2376,8 42.844758,9 nn}
{0 273,1 0.565217,2 28,3 17.25,4 1.602484,5 13.442443,6 2951,7 2139,8 53.756064,9 nn}
{0 264,1 0.546584,2 21,3 23,4 1.741201,5 18.061284,6 3120,7 2307,8 36.18441,9 nn}
{0 291,1 0.570588,2 20,3 25.5,4 1.662745,5 16.866667,6 3230,7 2323,8 40.284265,9 nn}
{0 290,1 0.591837,2 21,3 23.333333,4 1.7,5 16.108844,6 3242,7 2247,8 39.331667,9 nn}
{0 243,1 0.490909,2 21,3 23.571429,4 1.608081,5 15.004329,6 2887,7 2135,8 46.866364,9 nn}
{0 280,1 0.55336,2 20,3 25.3,4 1.606719,5 15.574545,6 2909,7 2317,8 45.227042,9 p}
{0 277,1 0.557344,2 22,3 22.590909,4 1.537223,5 14.348235,6 2750,7 2168,8 53.856133,9 p}
{0 253,1 0.531513,2 30,3 15.866667,4 1.508403,5 10.464314,6 2672,7 2081,8 63.119409,9 p}
{0 281,1 0.577002,2 17,3 28.647059,4 1.542094,5 15.976277,6 2822,7 2229,8 47.297044,9 p}
{0 308,1 0.632444,2 18,3 27.055556,4 1.626283,5 17.393064,6 2879,7 2287,8 41.790038,9 p}
{0 286,1 0.588477,2 18,3 27,4 1.602881,5 16.149794,6 2798,7 2222,8 43.826296,9 p}
{0 281,1 0.568826,2 22,3 22.454545,4 1.552632,5 13.921089,6 2767,7 2128,8 52.691005,9 p}
{0 279,1 0.553571,2 28,3 18,4 1.543651,5 11.803175,6 2898,7 2265,8 57.972143,9 p}
{0 268,1 0.531746,2 33,3 15.272727,4 1.531746,5 10.31544,6 2849,7 2238,8 61.747468,9 p}
{0 242,1 0.484,2 29,3 17.241379,4 1.544,5 11.936552,6 2809,7 2206,8 58.7126,9 p}
{0 249,1 0.509202,2 27,3 18.111111,4 1.566462,5 12.561418,6 2820,7 2222,8 55.929523,9 p}
{0 274,1 0.551308,2 29,3 17.137931,4 1.545272,5 11.442698,6 2890,7 2272,8 58.71002,9 p}
{0 263,1 0.531313,2 28,3 17.678571,4 1.533333,5 11.758297,6 2883,7 2267,8 59.17125,9 p}
{0 283,1 0.590814,2 22,3 21.772727,4 1.709812,5 16.642285,6 2988,7 2349,8 40.085577,9 p}
{0 262,1 0.540206,2 22,3 22.045455,4 1.620619,5 15.168697,6 2873,7 2239,8 47.354534,9 p}
{0 292,1 0.593496,2 21,3 23.428571,4 1.747967,5 17.420209,6 3078,7 2456,8 35.176951,9 p}
{0 276,1 0.559838,2 25,3 19.72,4 1.72211,5 15.271367,6 3008,7 2399,8 41.128733,9 p}
{0 284,1 0.586777,2 19,3 25.473684,4 1.834711,5 19.693606,6 3113,7 2535,8 25.762682,9 p}
{0 275,1 0.55,2 21,3 23.809524,4 1.734,5 17.84381,6 3054,7 2452,8 35.971933,9 p}
{0 275,1 0.561224,2 20,3 24.5,4 1.606122,5 16.24898,6 2851,7 2255,8 46.089541,9 p}
{0 244,1 0.503093,2 29,3 16.724138,4 1.837113,5 15.514397,6 3044,7 2449,8 34.440206,9 q}
{0 248,1 0.49501,2 27,3 18.555556,4 1.822355,5 16.284498,6 3189,7 2571,8 33.829854,9 q}
{0 233,1 0.469758,2 30,3 16.533333,4 1.840726,5 16.129462,6 3176,7 2591,8 34.328263,9 q}
{0 244,1 0.490946,2 30,3 16.566667,4 1.782696,5 15.479785,6 3051,7 2461,8 39.203737,9 q}
{0 244,1 0.506224,2 28,3 17.214286,4 1.724066,5 13.690694,6 2954,7 2370,8 43.506483,9 q}
{0 237,1 0.485656,2 33,3 14.787879,4 1.805328,5 14.849578,6 3120,7 2536,8 39.094565,9 q}
{0 240,1 0.491803,2 33,3 14.787879,4 1.856557,5 15.013512,6 3159,7 2583,8 34.760549,9 q}
{0 254,1 0.519427,2 29,3 16.862069,4 1.856851,5 16.642578,6 3123,7 2554,8 32.630429,9 q}
{0 221,1 0.445565,2 29,3 17.103448,4 1.854839,5 15.631702,6 3150,7 2567,8 32.555645,9 q}
{0 255,1 0.529046,2 23,3 20.956522,4 1.711618,5 16.432401,6 2914,7 2331,8 40.761226,9 q}
{0 234,1 0.473684,2 29,3 17.034483,4 1.51417,5 10.700433,6 2816,7 2194,8 61.446215,9 q}
{0 266,1 0.545082,2 26,3 18.769231,4 1.604508,5 13.491299,6 2812,7 2172,8 52.042837,9 q}
{0 258,1 0.509881,2 32,3 15.8125,4 1.679842,5 13.044368,6 3010,7 2408,8 48.670688,9 q}
{0 256,1 0.545842,2 23,3 20.391304,4 1.695096,5 15.064837,6 2858,7 2234,8 42.732709,9 q}
{0 235,1 0.480573,2 29,3 16.862069,4 1.662577,5 13.861392,6 2863,7 2269,8 49.066012,9 q}
{0 241,1 0.482966,2 23,3 21.695652,4 2.032064,5 21.423752,6 3307,7 2723,8 12.901288,9 qq}
{0 230,1 0.465587,2 20,3 24.7,4 2.044534,5 23.726154,6 3355,7 2771,8 8.796889,9 qq}
{0 274,1 0.548,2 23,3 21.73913,4 1.946,5 20.375652,6 3267,7 2663,8 20.138183,9 qq}
{0 249,1 0.511294,2 25,3 19.48,4 1.909651,5 18.141076,6 3187,7 2588,8 25.506332,9 qq}
{0 258,1 0.527607,2 23,3 21.26087,4 1.869121,5 18.0749,6 3047,7 2427,8 27.12761,9 qq}
{0 245,1 0.521277,2 18,3 26.111111,4 1.893617,5 21.167849,6 3012,7 2445,8 20.132222,9 qq}
{0 276,1 0.559838,2 18,3 27.388889,4 1.874239,5 20.36732,6 3136,7 2511,8 20.474629,9 qq}
{0 270,1 0.546559,2 19,3 26,4 1.955466,5 22.464777,6 3262,7 2656,8 15.012611,9 qq}
{0 265,1 0.540816,2 18,3 27.222222,4 1.828571,5 21.256236,6 3089,7 2464,8 24.507302,9 qq}
{0 256,1 0.520325,2 19,3 25.894737,4 1.900407,5 21.008301,6 3188,7 2597,8 19.777452,9 qq}
{0 250,1 0.497018,2 19,3 26.473684,4 1.755467,5 19.496034,6 3081,7 2488,8 31.451686,9 qq}
{0 281,1 0.578189,2 21,3 23.142857,4 1.860082,5 19.627513,6 3097,7 2502,8 25.982037,9 qq}
{0 271,1 0.530333,2 18,3 28.388889,4 1.949119,5 21.609959,6 3280,7 2659,8 13.124779,9 qq}
{0 258,1 0.51497,2 16,3 31.3125,4 1.974052,5 23.622804,6 3288,7 2699,8 8.048022,9 qq}
{0 260,1 0.527383,2 17,3 29,4 2.141988,5 24.419473,6 3481,7 2878,8 -3.81217,9 qq}
{0 260,1 0.531697,2 18,3 27.166667,4 1.97546,5 22.482209,6 3262,7 2672,8 12.136907,9 qq}
{0 262,1 0.522954,2 16,3 31.3125,4 1.898204,5 23.542964,6 3198,7 2613,8 14.464789,9 qq}
{0 269,1 0.530572,2 20,3 25.35,4 1.944773,5 21.027574,6 3337,7 2717,8 16.576939,9 qq}
{0 258,1 0.525458,2 17,3 28.882353,4 1.89002,5 21.736241,6 3118,7 2519,8 17.623689,9 qq}
{0 249,1 0.50303,2 21,3 23.571429,4 1.919192,5 20.01443,6 3180,7 2595,8 20.546364,9 qq}
{0 267,1 0.555094,2 19,3 25.315789,4 1.756757,5 18.525484,6 2948,7 2343,8 32.517852,9 qq}
{0 285,1 0.571142,2 19,3 26.263158,4 1.769539,5 19.162578,6 3099,7 2468,8 30.474889,9 qq}
{0 267,1 0.529762,2 17,3 29.647059,4 1.80754,5 20.906443,6 3133,7 2549,8 23.825378,9 qq}
{0 213,1 0.429435,2 29,3 17.103448,4 1.784274,5 17.32525,6 3081,7 2499,8 38.525403,9 rr}
{0 223,1 0.446,2 32,3 15.625,4 1.812,5 14.81,6 3062,7 2504,8 37.680425,9 rr}
{0 195,1 0.383104,2 33,3 15.424242,4 1.789784,5 14.971269,6 3241,7 2655,8 39.763677,9 rr}
{0 245,1 0.507246,2 23,3 21,4 1.824017,5 17.840994,6 3051,7 2468,8 31.208199,9 rr}
{0 232,1 0.467742,2 30,3 16.533333,4 1.747984,5 13.952043,6 2975,7 2392,8 42.174231,9 rr}
{0 224,1 0.48172,2 31,3 15,4 1.737634,5 14.344086,6 2834,7 2236,8 44.606129,9 rr}
{0 243,1 0.510504,2 29,3 16.413793,4 1.894958,5 17.405853,6 3018,7 2422,8 29.861555,9 rr}
{0 264,1 0.536585,2 30,3 16.4,4 1.843496,5 15.177886,6 3192,7 2589,8 34.229244,9 rr}
{0 243,1 0.486974,2 21,3 23.761905,4 1.705411,5 17.360473,6 2858,7 2290,8 38.438911,9 rr}
{0 228,1 0.471074,2 30,3 16.133333,4 1.865702,5 17.11449,6 3067,7 2508,8 32.621237,9 rr}
{0 239,1 0.46771,2 19,3 26.894737,4 1.833659,5 20.229519,6 3047,7 2459,8 24.409249,9 rr}
{0 234,1 0.468938,2 36,3 13.861111,4 1.771543,5 13.881118,6 3018,7 2443,8 42.893427,9 rr}
{0 229,1 0.479079,2 35,3 13.657143,4 1.661088,5 12.492146,6 2758,7 2185,8 52.444967,9 rr}
{0 238,1 0.469428,2 32,3 15.84375,4 1.633136,5 12.491346,6 2886,7 2289,8 52.59028,9 rr}
{0 233,1 0.496802,2 21,3 22.333333,4 1.722814,5 17.462118,6 2866,7 2210,8 38.41656,9 ss}
{0 263,1 0.544513,2 36,3 13.416667,4 1.774327,5 14.310766,6 3080,7 2375,8 43.109009,9 ss}
{0 251,1 0.506048,2 25,3 19.84,4 1.77621,5 17.290839,6 3134,7 2477,8 36.430061,9 ss}
{0 249,1 0.514463,2 30,3 16.133333,4 1.743802,5 15.131019,6 3089,7 2425,8 42.934047,9 ss}
{0 258,1 0.520161,2 36,3 13.777778,4 1.71371,5 13.817563,6 3076,7 2349,8 47.870717,9 ss}
{0 235,1 0.490605,2 33,3 14.515152,4 1.691023,5 13.154704,6 2930,7 2294,8 49.041578,9 ss}
{0 246,1 0.475822,2 10,3 51.7,4 2.003868,5 33.05911,6 3556,7 2883,8 -15.167773,9 ss}
{0 205,1 0.406746,2 7,3 72,4 1.934524,5 40.546032,6 3305,7 2690,8 -29.905714,9 ss}
{0 221,1 0.447368,2 11,3 44.909091,4 1.8583,5 28.570924,6 3111,7 2520,8 4.040127,9 ss}
{0 228,1 0.488223,2 15,3 31.133333,4 1.762313,5 21.18995,6 2839,7 2261,8 26.143018,9 ss}
{0 260,1 0.531697,2 12,3 40.75,4 1.832311,5 25.543354,6 3192,7 2547,8 10.460253,9 ss}
{0 272,1 0.525097,2 14,3 37,4 1.843629,5 24.91583,6 3305,7 2691,8 13.308958,9 ss}
{0 225,1 0.467775,2 13,3 37,4 1.89605,5 25.444491,6 3068,7 2529,8 8.874179,9 ss}
{0 267,1 0.544898,2 9,3 54.444444,4 2.065306,5 35.328798,6 3409,7 2813,8 -23.151009,9 ss}
{0 251,1 0.489279,2 9,3 57,4 2,5 34.963743,6 3432,7 2798,8 -20.22,9 ss}
{0 241,1 0.492843,2 20,3 24.45,4 1.709611,5 17.387362,6 2875,7 2321,8 37.385121,9 t}
{0 264,1 0.54321,2 19,3 25.578947,4 1.781893,5 18.955859,6 2947,7 2387,8 30.12422,9 t}
{0 251,1 0.512245,2 13,3 37.692308,4 1.761224,5 23.321821,6 2987,7 2401,8 19.577716,9 t}
{0 276,1 0.559838,2 15,3 32.866667,4 2.077079,5 24.667965,6 3375,7 2747,8 -2.245559,9 t}
{0 246,1 0.497976,2 18,3 27.444444,4 1.811741,5 20.208547,6 3029,7 2458,8 25.70561,9 t}
{0 252,1 0.514286,2 21,3 23.333333,4 1.761224,5 16.92517,6 2895,7 2345,8 34.152075,9 t}
{0 245,1 0.479452,2 18,3 28.388889,4 1.906067,5 20.983736,6 3215,7 2645,8 16.767049,9 t}
{0 258,1 0.525458,2 18,3 27.277778,4 1.88391,5 19.546549,6 3074,7 2524,8 19.769237,9 t}
{0 251,1 0.518595,2 14,3 34.571429,4 2.018595,5 24.324439,6 3181,7 2627,8 0.97186,9 t}
{0 266,1 0.521569,2 18,3 28.333333,4 1.637255,5 16.980392,6 2898,7 2320,8 39.564902,9 t}
{0 273,1 0.54491,2 27,3 18.555556,4 1.646707,5 13.250566,6 2866,7 2239,8 48.689734,9 t}
{0 258,1 0.530864,2 19,3 25.578947,4 1.884774,5 19.6966,6 3095,7 2538,8 21.420517,9 t}
{0 264,1 0.531187,2 21,3 23.666667,4 1.736419,5 17.032059,6 2935,7 2363,8 35.912327,9 t}
{0 241,1 0.489837,2 26,3 18.923077,4 1.502033,5 11.552971,6 2768,7 2108,8 60.556126,9 tt}
{0 255,1 0.518293,2 27,3 18.222222,4 1.512195,5 11.841734,6 2727,7 2122,8 60.407737,9 tt}
{0 250,1 0.506073,2 25,3 19.76,4 1.700405,5 14.786591,6 3002,7 2403,8 42.924349,9 tt}
{0 229,1 0.467347,2 28,3 17.5,4 1.716327,5 14.346939,6 2949,7 2375,8 43.871276,9 tt}
{0 245,1 0.489022,2 24,3 20.875,4 1.560878,5 14.258184,6 2756,7 2192,8 53.596576,9 tt}
{0 254,1 0.511066,2 27,3 18.407407,4 1.565392,5 12.513868,6 2783,7 2215,8 55.719288,9 tt}
{0 228,1 0.468172,2 26,3 18.730769,4 1.566735,5 12.091897,6 2749,7 2204,8 55.277479,9 tt}
{0 210,1 0.432099,2 30,3 16.2,4 1.522634,5 10.101399,6 2708,7 2142,8 61.577185,9 tt}
{0 229,1 0.458,2 26,3 19.230769,4 1.65,5 14.252308,6 2816,7 2271,8 47.725769,9 tt}
{0 236,1 0.482618,2 30,3 16.3,4 1.709611,5 12.245971,6 2874,7 2304,8 45.657371,9 tt}
{0 208,1 0.419355,2 32,3 15.5,4 1.606855,5 10.877419,6 2819,7 2253,8 55.162581,9 tt}
{0 224,1 0.459016,2 32,3 15.25,4 1.631148,5 11.67377,6 2821,7 2257,8 53.361168,9 tt}
{0 219,1 0.439759,2 28,3 17.785714,4 1.594378,5 12.736776,6 2782,7 2226,8 53.898163,9 tt}
{0 245,1 0.49,2 25,3 20,4 1.752,5 15.44,6 2969,7 2380,8 38.3158,9 tt}
{0 228,1 0.464358,2 26,3 18.884615,4 1.596741,5 12.523296,6 2811,7 2193,8 52.582798,9 tt}
{0 231,1 0.474333,2 26,3 18.730769,4 1.62423,5 13.241794,6 4637,7 2148,8 50.413413,9 tt}
{0 236,1 0.480652,2 16,3 30.6875,4 1.822811,5 21.643635,6 3023,7 2406,8 21.477412,9 uu}
{0 238,1 0.494802,2 13,3 37,4 1.767152,5 23.864449,6 2919,7 2356,8 19.77896,9 uu}
{0 259,1 0.521127,2 16,3 31.0625,4 1.694165,5 19.185563,6 2902,7 2314,8 31.980204,9 uu}
{0 244,1 0.494929,2 12,3 41.083333,4 1.667343,5 22.761934,6 2882,7 2300,8 24.078216,9 uu}
{0 253,1 0.509054,2 18,3 27.611111,4 1.738431,5 18.69032,6 2962,7 2362,8 31.738495,9 uu}
{0 244,1 0.484127,2 16,3 31.5,4 1.787698,5 21.965079,6 3080,7 2485,8 23.623214,9 uu}
{0 234,1 0.474645,2 18,3 27.388889,4 1.6714,5 17.527564,6 2918,7 2342,8 37.634872,9 uu}
{0 242,1 0.482072,2 15,3 33.466667,4 1.641434,5 20.318938,6 2976,7 2355,8 34.000995,9 uu}
{0 241,1 0.475345,2 19,3 26.684211,4 1.627219,5 17.143112,6 2948,7 2324,8 42.087804,9 uu}
{0 242,1 0.486922,2 14,3 35.5,4 1.706237,5 21.845875,6 3025,7 2390,8 26.454814,9 uu}
{0 228,1 0.471074,2 17,3 28.470588,4 1.621901,5 17.256004,6 2809,7 2186,8 40.724543,9 uu}
{0 239,1 0.494824,2 19,3 25.421053,4 1.668737,5 17.042127,6 2880,7 2299,8 39.857476,9 uu}
{0 234,1 0.484472,2 21,3 23,4 1.819876,5 19.386335,6 3064,7 2490,8 29.528509,9 uu}
{0 248,1 0.49501,2 20,3 25.05,4 1.682635,5 17.045948,6 2965,7 2383,8 39.058352,9 uu}
{0 258,1 0.509881,2 20,3 25.3,4 1.741107,5 18.736601,6 3073,7 2501,8 33.857872,9 uu}
{0 252,1 0.508065,2 21,3 23.619048,4 1.6875,5 16.463748,6 2996,7 2415,8 40.099167,9 uu}
{0 232,1 0.462151,2 21,3 23.904762,4 1.737052,5 17.37067,6 3001,7 2392,8 35.617085,9 uu}
{0 235,1 0.484536,2 18,3 26.944444,4 1.773196,5 18.942726,6 2887,7 2282,8 29.474018,9 uu}
{0 260,1 0.555556,2 16,3 29.25,4 1.688034,5 19.563248,6 2806,7 2189,8 34.338558,9 vv}
{0 261,1 0.54375,2 13,3 36.923077,4 1.597917,5 21.102564,6 2784,7 2097,8 34.174327,9 vv}
{0 238,1 0.488706,2 18,3 27.055556,4 1.661191,5 17.721606,6 2917,7 2311,8 38.836855,9 vv}
{0 245,1 0.511482,2 17,3 28.176471,4 1.611691,5 16.698563,6 2875,7 2216,8 41.886822,9 vv}
{0 266,1 0.554167,2 16,3 30,4 1.741667,5 20.583333,6 2950,7 2308,8 29.04,9 vv}
{0 265,1 0.540816,2 16,3 30.625,4 1.673469,5 19.270408,6 2884,7 2281,8 34.175115,9 vv}
{0 264,1 0.545455,2 18,3 26.888889,4 1.72314,5 18.358861,6 2875,7 2295,8 33.765092,9 vv}
{0 275,1 0.545635,2 16,3 31.5,4 1.664683,5 19.901587,6 2999,7 2351,8 34.030357,9 vv}
{0 257,1 0.527721,2 14,3 34.785714,4 1.657084,5 20.731534,6 2869,7 2284,8 31.338178,9 vv}
{0 266,1 0.541752,2 18,3 27.277778,4 1.610998,5 16.532292,6 2830,7 2216,8 42.857628,9 vv}
{0 247,1 0.525532,2 17,3 27.647059,4 1.693617,5 18.888611,6 2783,7 2222,8 35.493235,9 vv}
{0 271,1 0.536634,2 15,3 33.666667,4 1.609901,5 19.407261,6 2979,7 2336,8 36.46571,9 vv}
{0 250,1 0.493097,2 19,3 26.684211,4 1.635108,5 16.82753,6 2993,7 2381,8 41.420349,9 vv}
{0 246,1 0.504098,2 23,3 21.217391,4 1.579918,5 13.732858,6 2815,7 2199,8 51.638282,9 vv}
{0 260,1 0.527383,2 17,3 29,4 1.969574,5 22.87789,6 3402,7 2718,8 10.774037,9 w}
{0 275,1 0.563525,2 12,3 40.666667,4 1.977459,5 27.33224,6 3371,7 2738,8 -1.734699,9 w}
{0 260,1 0.516899,2 28,3 17.964286,4 1.66004,5 14.183726,6 2986,7 2375,8 48.161886,9 w}
{0 248,1 0.50924,2 28,3 17.392857,4 1.718686,5 15.170695,6 2982,7 2402,8 43.780429,9 w}
{0 241,1 0.503132,2 20,3 23.95,4 1.822547,5 19.016326,6 3043,7 2457,8 28.338276,9 w}
{0 218,1 0.453222,2 19,3 25.315789,4 1.852391,5 18.941285,6 3116,7 2544,8 24.427208,9 w}
{0 220,1 0.449898,2 26,3 18.807692,4 1.871166,5 17.175429,6 3192,7 2598,8 29.444579,9 w}
{0 251,1 0.50503,2 21,3 23.666667,4 1.794769,5 18.561234,6 3114,7 2528,8 30.975909,9 w}
{0 241,1 0.502083,2 19,3 25.263158,4 1.802083,5 19.355263,6 2968,7 2386,8 28.736645,9 w}
{0 261,1 0.529412,2 18,3 27.388889,4 1.713996,5 17.852107,6 2876,7 2273,8 34.031221,9 w}
{0 264,1 0.547718,2 17,3 28.352941,4 1.688797,5 18.146156,6 2860,7 2259,8 35.184566,9 w}
{0 239,1 0.498956,2 18,3 26.611111,4 1.659708,5 17.325029,6 2932,7 2293,8 39.413449,9 w}
{0 226,1 0.471816,2 13,3 36.846154,4 1.665971,5 20.834495,6 2825,7 2250,8 28.495026,9 w}
{0 223,1 0.468487,2 14,3 34,4 1.621849,5 19.566387,6 2784,7 2206,8 35.116597,9 w}
{0 260,1 0.525253,2 24,3 20.625,4 1.60404,5 14.310606,6 2928,7 2321,8 50.198807,9 ww}
{0 249,1 0.502016,2 28,3 17.714286,4 1.554435,5 11.601843,6 2871,7 2250,8 57.349758,9 ww}
{0 247,1 0.509278,2 25,3 19.4,4 1.546392,5 12.625979,6 2768,7 2176,8 56.319258,9 ww}
{0 246,1 0.5125,2 24,3 20,4 1.635417,5 14.166667,6 2815,7 2236,8 48.17875,9 ww}
{0 204,1 0.409639,2 25,3 19.92,4 1.819277,5 17.526233,6 3032,7 2426,8 32.705357,9 ww}
{0 228,1 0.469136,2 30,3 16.2,4 1.757202,5 14.29893,6 2984,7 2402,8 41.732741,9 ww}
{0 251,1 0.508097,2 32,3 15.4375,4 1.740891,5 13.705364,6 2962,7 2361,8 43.886585,9 ww}
{0 244,1 0.480315,2 30,3 16.933333,4 1.677165,5 13.544987,6 3056,7 2447,8 47.759478,9 ww}
{0 214,1 0.447699,2 32,3 14.9375,4 1.648536,5 10.744874,6 2756,7 2145,8 52.207329,9 ww}
{0 260,1 0.534979,2 28,3 17.357143,4 1.853909,5 17.313228,6 3046,7 2463,8 32.376759,9 ww}
{0 253,1 0.50099,2 25,3 20.2,4 1.867327,5 18.535446,6 3144,7 2563,8 28.356158,9 ww}
{0 247,1 0.488142,2 27,3 18.740741,4 1.966403,5 20.223569,6 3268,7 2680,8 21.455441,9 ww}
{0 226,1 0.45935,2 30,3 16.4,4 1.823171,5 15.58439,6 3160,7 2523,8 35.948756,9 ww}
{0 225,1 0.461066,2 27,3 18.074074,4 1.766393,5 15.508318,6 3007,7 2387,8 39.05293,9 ww}
{0 251,1 0.514344,2 25,3 19.52,4 1.846311,5 18.217836,6 3074,7 2493,8 30.824249,9 ww}
{0 245,1 0.502049,2 23,3 21.217391,4 1.981557,5 20.536137,6 3093,7 2513,8 17.659594,9 y}
{0 246,1 0.503067,2 17,3 28.764706,4 1.844581,5 21.240034,6 2961,7 2399,8 21.58729,9 y}
{0 261,1 0.539256,2 18,3 26.888889,4 1.948347,5 21.91258,6 3091,7 2537,8 14.712612,9 y}
{0 251,1 0.502,2 21,3 23.809524,4 1.936,5 20.56381,6 3191,7 2573,8 18.882733,9 y}
{0 265,1 0.545267,2 20,3 24.3,4 1.884774,5 20.584198,6 3140,7 2532,8 22.718648,9 y}
{0 243,1 0.484064,2 18,3 27.888889,4 1.800797,5 20.079858,6 3059,7 2457,8 26.180367,9 y}
{0 274,1 0.561475,2 24,3 20.333333,4 1.813525,5 17.149727,6 3049,7 2447,8 32.772486,9 y}
{0 234,1 0.459725,2 18,3 28.277778,4 1.770138,5 19.64117,6 2977,7 2360,8 28.379421,9 y}
{0 270,1 0.520231,2 23,3 22.565217,4 1.938343,5 21.203351,6 3352,7 2708,8 19.947489,9 y}

Calculating InfoGain on the training set's features
===================================================
Features InfoGain score (non-zero only):
----------------------------------------
> Gunning-Fog-Readability-Index{-}   0.476260
> Average-Sentence-Length{-}         0.419037
> Flesch-Reading-Ease-Score{-}       0.405132
> Character-Space{-}                 0.393583
> Average-Syllables-in-Word{-}       0.388627
> Sentence-Count{-}                  0.387713
> Letter-Space{-}                    0.343440

Feature-type breakdown:
-----------------------
> Letter-Space                    0.343440 (12.21%)
> Sentence-Count                  0.387713 (13.78%)
> Unique-Words-Count              0.000000 (0.00%)
> Complexity                      0.000000 (0.00%)
> Average-Syllables-in-Word       0.388627 (13.81%)
> Gunning-Fog-Readability-Index   0.476260 (16.93%)
> Average-Sentence-Length         0.419037 (14.89%)
> Flesch-Reading-Ease-Score       0.405132 (14.40%)
> Character-Space                 0.393583 (13.99%)

done!

2013-03-22, 16:37:11 Starting 10-folds cross-validation on training corpus phase...

================================================================================

Running analysis with classifier 1 out of 1:
> Classifier: weka.classifiers.functions.SMO
> Options:    -C 1.0 -L 0.0010 -P 1.0E-12 -N 0 -V -1 -W 1 -K weka.classifiers.functions.supportVector.PolyKernel -C 250007 -E 1.0 

2013-03-22, 16:37:11 Starting cross validation...
2013-03-22, 16:38:06 done!

=== Summary ===

Correctly Classified Instances          92               23.9583 %
Incorrectly Classified Instances       292               76.0417 %
Kappa statistic                          0.2   
Mean absolute error                      0.0748
Root mean squared error                  0.1923
Relative absolute error                 97.5685 %
Root relative squared error             98.1978 %
Total Number of Instances              384     

=== Detailed Accuracy By Class ===

               TP Rate   FP Rate   Precision   Recall  F-Measure   ROC Area  Class
                 0.176     0.06       0.12      0.176     0.143      0.696    b
                 0.263     0.058      0.192     0.263     0.222      0.892    bb
                 0         0          0         0         0          0.762    d
                 0.071     0          1         0.071     0.133      0.918    dd
                 0.313     0.03       0.313     0.313     0.313      0.872    e
                 0.071     0.011      0.2       0.071     0.105      0.788    ff
                 0         0.008      0         0         0          0.779    gg
                 0.111     0.046      0.105     0.111     0.108      0.858    h
                 0.55      0.104      0.224     0.55      0.319      0.823    hh
                 0         0          0         0         0          0.61     ii
                 0         0          0         0         0          0.642    ll
                 0         0          0         0         0          0.67     n
                 0         0          0         0         0          0.889    nn
                 0.7       0.148      0.206     0.7       0.318      0.874    p
                 0.267     0.022      0.333     0.267     0.296      0.866    q
                 0.87      0.144      0.278     0.87      0.421      0.906    qq
                 0.071     0.014      0.167     0.071     0.1        0.835    rr
                 0.067     0          1         0.067     0.125      0.702    ss
                 0         0          0         0         0          0.705    t
                 0         0          0         0         0          0.873    tt
                 0.889     0.109      0.286     0.889     0.432      0.938    uu
                 0.429     0.011      0.6       0.429     0.5        0.94     vv
                 0         0          0         0         0          0.605    w
                 0.133     0.035      0.133     0.133     0.133      0.806    ww
                 0         0          0         0         0          0.81     y
Weighted Avg.    0.24      0.04       0.214     0.24      0.166      0.81 

=== Confusion Matrix ===

  a  b  c  d  e  f  g  h  i  j  k  l  m  n  o  p  q  r  s  t  u  v  w  x  y   <-- classified as
  3  0  0  0  1  0  0  2  0  0  0  0  0  4  1  4  0  0  0  0  1  0  0  1  0 |  a = b
  0  5  0  0  0  0  0  0  9  0  0  0  0  5  0  0  0  0  0  0  0  0  0  0  0 |  b = bb
  4  0  0  0  0  0  0  1  0  0  0  0  0  1  0  5  0  0  0  0  1  1  0  0  0 |  c = d
  1  0  0  1  0  1  1  0  1  0  0  0  0  9  0  0  0  0  0  0  0  0  0  0  0 |  d = dd
  0  0  0  0  5  0  2  2  0  0  0  0  0  0  0  2  0  0  0  0  4  0  0  1  0 |  e = e
  2  0  0  0  0  1  0  0  0  0  0  0  0  7  0  1  0  0  0  0  3  0  0  0  0 |  f = ff
  0  1  0  0  5  0  0  0  3  0  0  0  0  3  0  0  0  0  0  0  1  1  0  0  0 |  g = gg
  0  0  0  0  1  1  0  2  0  0  0  0  0  0  0 12  1  0  0  0  1  0  0  0  0 |  h = h
  1  3  0  0  1  0  0  1 11  0  0  0  0  0  1  0  0  0  0  0  2  0  0  0  0 |  i = hh
  0  7  0  0  0  0  0  1  1  0  0  0  0  1  0  2  0  0  0  0  2  0  0  0  0 |  j = ii
  2  1  0  0  0  0  0  0  0  0  0  0  0  7  0  1  1  0  0  0  1  0  0  0  0 |  k = ll
  3  0  0  0  0  0  0  0  1  0  0  0  0  1  0  5  0  0  0  0  3  0  0  0  0 |  l = n
  2  1  0  0  0  0  0  0  1  0  0  0  0  9  0  0  0  0  0  0  0  0  0  0  0 |  m = nn
  1  3  0  0  0  0  0  0  1  0  0  0  0 14  0  1  0  0  0  0  0  0  0  0  0 |  n = p
  0  0  0  0  0  0  0  1  2  0  0  0  0  3  4  0  2  0  0  0  0  0  0  3  0 |  o = q
  2  0  0  0  0  0  0  0  0  0  0  0  0  0  0 20  0  0  0  0  1  0  0  0  0 |  p = qq
  1  0  0  0  0  0  0  2  3  0  0  0  0  0  4  0  1  0  0  0  1  0  0  2  0 |  q = rr
  0  0  0  0  1  0  0  1  2  0  0  0  0  0  1  5  0  1  0  0  2  0  0  2  0 |  r = ss
  1  0  0  0  0  1  0  0  0  0  0  0  0  1  0  5  0  0  0  0  4  1  0  0  0 |  s = t
  1  2  0  0  0  0  0  0 10  0  0  0  0  0  0  0  0  0  0  0  0  0  0  3  0 |  t = tt
  0  0  0  0  0  0  0  1  0  0  0  0  0  0  0  1  0  0  0  0 16  0  0  0  0 |  u = uu
  0  1  0  0  0  1  0  0  0  0  0  0  0  1  0  0  0  0  0  0  5  6  0  0  0 |  v = vv
  0  0  0  0  1  0  0  3  0  0  0  0  0  1  0  2  0  0  0  0  5  1  0  1  0 |  w = w
  0  2  0  0  1  0  0  2  4  0  0  0  0  1  1  1  1  0  0  0  0  0  0  2  0 |  x = ww
  1  0  0  0  0  0  0  0  0  0  0  0  0  0  0  5  0  0  0  0  3  0  0  0  0 |  y = y

