============================ JStylo Analysis Output ============================
Started analysis on 2013-03-22, 16:22:07
Running 10-folds cross validation on training corpus

Training corpus:
> aa (14 documents)
> b (17 documents)
> bb (19 documents)
> c (18 documents)
> e (16 documents)
> ff (14 documents)
> gg (14 documents)
> i (14 documents)
> ii (14 documents)
> mm (14 documents)
> pp (22 documents)
> q (15 documents)
> tt (16 documents)
> vv (14 documents)
> z (13 documents)

Feature set: 9 feature-set:
> Unique Words Count
> Complexity
> Sentence Count
> Average Sentence Length
> Average Syllables in Word
> Gunning-Fog Readability Index
> Character Space
> Letter Space
> Flesch Reading Ease Score

Classifiers used:
> weka.classifiers.functions.SMO                    	-C 1.0 -L 0.0010 -P 1.0E-12 -N 0 -V -1 -W 1 -K weka.classifiers.functions.supportVector.PolyKernel -C 250007 -E 1.0 

================================================================================

2013-03-22, 16:22:07 Extracting features from training corpus (using sparse representation)...
2013-03-22, 16:22:11 done!

Training corpus features (ARFF):
================================
@relation JStylo

@attribute 'Unique-Words-Count{-}' numeric
@attribute 'Complexity{-}' numeric
@attribute 'Sentence-Count{-}' numeric
@attribute 'Average-Sentence-Length{-}' numeric
@attribute 'Average-Syllables-in-Word{-}' numeric
@attribute 'Gunning-Fog-Readability-Index{-}' numeric
@attribute 'Character-Space{-}' numeric
@attribute 'Letter-Space{-}' numeric
@attribute 'Flesch-Reading-Ease-Score{-}' numeric
@attribute authorName {aa,b,bb,c,e,ff,gg,i,ii,mm,pp,q,tt,vv,z}

@data
{0 249,1 0.491124,2 19,3 26.684211,4 1.593688,5 16.275262,6 2863,7 2304,8 44.924491}
{0 278,1 0.545098,2 20,3 25.5,4 1.67451,5 17.337255,6 2966,7 2384,8 39.288971}
{0 260,1 0.529532,2 22,3 22.318182,4 1.745418,5 17.562711,6 3030,7 2439,8 36.519724}
{0 257,1 0.529897,2 20,3 24.25,4 1.783505,5 18.607216,6 2984,7 2407,8 31.336714}
{0 242,1 0.484,2 21,3 23.809524,4 1.826,5 18.16381,6 3187,7 2589,8 28.188733}
{0 274,1 0.548,2 23,3 21.73913,4 1.646,5 15.095652,6 2877,7 2304,8 45.518183}
{0 252,1 0.521739,2 24,3 20.125,4 1.575569,5 13.68147,6 2756,7 2201,8 53.114957}
{0 261,1 0.530488,2 24,3 20.5,4 1.760163,5 16.16748,6 3047,7 2456,8 37.117744}
{0 248,1 0.496994,2 28,3 17.821429,4 1.839679,5 15.946207,6 3108,7 2507,8 33.109376}
{0 268,1 0.548057,2 22,3 22.227273,4 1.785276,5 16.74367,6 3054,7 2437,8 33.239962}
{0 281,1 0.578189,2 21,3 23.142857,4 1.825103,5 17.5699,6 3114,7 2534,8 28.941296}
{0 256,1 0.513026,2 23,3 21.695652,4 1.577154,5 14.049002,6 2850,7 2276,8 51.386659}
{0 251,1 0.5154,2 21,3 23.190476,4 1.550308,5 15.107813,6 2714,7 2169,8 52.140609}
{0 265,1 0.535354,2 18,3 27.5,4 1.640404,5 18.030303,6 2811,7 2252,8 40.144318}
{0 265,1 0.534274,2 27,3 18.37037,4 1.814516,5 15.573955,6 3260,7 2444,8 34.68101,9 b}
{0 255,1 0.529046,2 30,3 16.066667,4 1.848548,5 15.14036,6 3151,7 2399,8 34.140196,9 b}
{0 287,1 0.602941,2 18,3 26.444444,4 1.970588,5 20.745845,6 3572,7 2539,8 13.282124,9 b}
{0 249,1 0.528662,2 25,3 18.84,4 1.900212,5 17.98186,6 3211,7 2453,8 26.954438,9 b}
{0 210,1 0.43299,2 22,3 22.045455,4 1.727835,5 17.642924,6 3060,7 2266,8 38.284018,9 b}
{0 240,1 0.48583,2 28,3 17.642857,4 1.696356,5 15.72111,6 3138,7 2283,8 45.415759,9 b}
{0 266,1 0.534137,2 28,3 17.785714,4 1.925703,5 18.278944,6 3443,7 2608,8 25.868042,9 b}
{0 221,1 0.452869,2 27,3 18.074074,4 1.938525,5 18.377171,6 3236,7 2535,8 24.490634,9 b}
{0 257,1 0.534304,2 21,3 22.904762,4 1.89605,5 18.974795,6 3338,7 2499,8 23.180845,9 b}
{0 276,1 0.556452,2 19,3 26.105263,4 1.743952,5 18.425976,6 3321,7 2412,8 32.799851,9 b}
{0 290,1 0.594262,2 21,3 23.238095,4 1.723361,5 16.180484,6 3192,7 2407,8 37.452022,9 b}
{0 268,1 0.546939,2 24,3 20.416667,4 1.565306,5 12.819728,6 3163,7 2243,8 53.687185,9 b}
{0 276,1 0.545455,2 23,3 22,4 1.596838,5 13.859289,6 3277,7 2364,8 49.41251,9 b}
{0 241,1 0.503132,2 21,3 22.809524,4 1.693111,5 15.052828,6 3135,7 2383,8 40.446173,9 b}
{0 263,1 0.516699,2 20,3 25.45,4 1.59332,5 15.838153,6 3132,7 2319,8 46.208358,9 b}
{0 277,1 0.559596,2 21,3 23.571429,4 1.70101,5 15.81241,6 3398,7 2487,8 39.004545,9 b}
{0 293,1 0.595528,2 10,3 49.2,4 1.804878,5 28.460488,6 3534,7 2501,8 4.204317,9 b}
{0 237,1 0.486653,2 29,3 16.793103,4 1.535934,5 11.234695,6 2699,7 2094,8 59.849959,9 bb}
{0 250,1 0.510204,2 26,3 18.846154,4 1.54898,5 12.599686,6 2731,7 2151,8 56.66248,9 bb}
{0 276,1 0.559838,2 25,3 19.72,4 1.567951,5 13.648649,6 2778,7 2144,8 54.170518,9 bb}
{0 253,1 0.518443,2 22,3 22.181818,4 1.635246,5 14.692399,6 2895,7 2212,8 45.978651,9 bb}
{0 233,1 0.48847,2 24,3 19.875,4 1.557652,5 12.142872,6 2688,7 2118,8 54.884517,9 bb}
{0 253,1 0.522727,2 23,3 21.043478,4 1.584711,5 13.624003,6 2747,7 2152,8 51.409341,9 bb}
{0 224,1 0.459959,2 26,3 18.730769,4 1.49692,5 11.681219,6 2676,7 2091,8 61.183844,9 bb}
{0 259,1 0.529652,2 26,3 18.807692,4 1.650307,5 13.00365,6 2902,7 2264,8 48.129241,9 bb}
{0 236,1 0.488613,2 27,3 17.888889,4 1.509317,5 11.54479,6 2657,7 2088,8 60.989579,9 bb}
{0 254,1 0.531381,2 24,3 19.916667,4 1.600418,5 12.820223,6 2737,7 2140,8 51.224186,9 bb}
{0 224,1 0.456212,2 23,3 21.347826,4 1.641548,5 15.137908,6 2895,7 2303,8 46.292007,9 bb}
{0 283,1 0.576375,2 26,3 18.884615,4 1.606925,5 13.175027,6 2836,7 2223,8 51.721291,9 bb}
{0 264,1 0.542094,2 27,3 18.037037,4 1.694045,5 14.442741,6 3005,7 2388,8 45.211186,9 bb}
{0 253,1 0.525988,2 27,3 17.814815,4 1.619543,5 13.362932,6 2751,7 2137,8 51.739657,9 bb}
{0 278,1 0.572016,2 28,3 17.357143,4 1.697531,5 14.432569,6 2955,7 2355,8 45.606389,9 bb}
{0 228,1 0.477987,2 25,3 19.08,4 1.561845,5 12.328017,6 2701,7 2099,8 55.336725,9 bb}
{0 237,1 0.476861,2 29,3 17.137931,4 1.54326,5 11.603663,6 2862,7 2240,8 58.880241,9 bb}
{0 243,1 0.482143,2 29,3 17.37931,4 1.55754,5 11.396169,6 2815,7 2210,8 57.427143,9 bb}
{0 246,1 0.49004,2 20,3 25.1,4 1.609562,5 15.05992,6 2839,7 2245,8 45.189576,9 bb}
{0 216,1 0.432866,2 26,3 19.192308,4 2.062124,5 21.704979,6 3362,7 2784,8 12.899096,9 c}
{0 212,1 0.43002,2 23,3 21.434783,4 1.884381,5 17.661134,6 3167,7 2605,8 25.660034,9 c}
{0 229,1 0.452569,2 24,3 21.083333,4 1.727273,5 16.496574,6 3072,7 2499,8 39.308144,9 c}
{0 232,1 0.467742,2 20,3 24.8,4 1.800403,5 18.468387,6 3116,7 2540,8 29.348887,9 c}
{0 226,1 0.445759,2 22,3 23.045455,4 1.74359,5 16.949937,6 3084,7 2510,8 35.936171,9 c}
{0 217,1 0.449275,2 20,3 24.15,4 1.89648,5 19.266625,6 3144,7 2585,8 21.880514,9 c}
{0 196,1 0.406639,2 24,3 20.083333,4 1.887967,5 17.825864,6 3108,7 2569,8 26.728425,9 c}
{0 238,1 0.473161,2 22,3 22.863636,4 1.856859,5 19.165335,6 3187,7 2625,8 26.538151,9 c}
{0 212,1 0.446316,2 22,3 21.590909,4 1.941053,5 17.478469,6 3135,7 2591,8 20.707175,9 c}
{0 231,1 0.474333,2 25,3 19.48,4 1.850103,5 17.812534,6 3114,7 2565,8 30.544114,9 c}
{0 218,1 0.438632,2 28,3 17.75,4 1.573441,5 13.2167,6 2684,7 2109,8 55.705672,9 c}
{0 260,1 0.507813,2 21,3 24.380952,4 1.693359,5 16.393006,6 2932,7 2359,8 38.83013,9 c}
{0 241,1 0.490835,2 19,3 25.842105,4 1.741344,5 17.180019,6 2929,7 2384,8 33.287544,9 c}
{0 259,1 0.504873,2 19,3 27,4 1.842105,5 18.831189,6 3190,7 2610,8 23.587895,9 c}
{0 223,1 0.433852,2 25,3 20.56,4 1.706226,5 14.527502,6 3036,7 2461,8 41.619907,9 c}
{0 249,1 0.510246,2 27,3 18.074074,4 1.75,5 14.85258,6 2901,7 2351,8 40.439815,9 c}
{0 242,1 0.477318,2 21,3 24.142857,4 1.607495,5 14.627557,6 2848,7 2271,8 46.335917,9 c}
{0 257,1 0.505906,2 18,3 28.222222,4 1.753937,5 18.769204,6 3085,7 2519,8 29.806374,9 c}
{0 229,1 0.459839,2 26,3 19.153846,4 1.827309,5 16.978808,6 3150,7 2455,8 32.803485,9 e}
{0 227,1 0.458586,2 28,3 17.678571,4 1.921212,5 18.707792,6 3185,7 2500,8 26.356705,9 e}
{0 259,1 0.528571,2 20,3 24.5,4 1.926531,5 20.738776,6 3147,7 2516,8 18.98301,9 e}
{0 232,1 0.462151,2 21,3 23.904762,4 1.772908,5 17.530032,6 3047,7 2371,8 32.583619,9 e}
{0 231,1 0.472393,2 17,3 28.764706,4 1.811861,5 20.340238,6 3029,7 2397,8 24.355388,9 e}
{0 225,1 0.454545,2 19,3 26.052632,4 1.929293,5 20.441255,6 3123,7 2563,8 17.173397,9 e}
{0 204,1 0.403162,2 15,3 33.733333,4 1.942688,5 24.16527,6 3243,7 2678,8 8.244283,9 e}
{0 252,1 0.529412,2 22,3 21.636364,4 1.953782,5 19.158747,6 3129,7 2539,8 19.584175,9 e}
{0 215,1 0.438776,2 18,3 27.222222,4 1.602041,5 16.76644,6 2838,7 2246,8 43.671791,9 e}
{0 233,1 0.462302,2 18,3 28,4 1.615079,5 17.073016,6 2979,7 2320,8 41.779286,9 e}
{0 222,1 0.466387,2 16,3 29.75,4 1.613445,5 17.614286,6 2814,7 2215,8 40.141271,9 e}
{0 215,1 0.440574,2 14,3 34.857143,4 1.52459,5 18.533021,6 2816,7 2215,8 42.474672,9 e}
{0 227,1 0.459514,2 20,3 24.7,4 1.751012,5 18.462996,6 3069,7 2471,8 33.628872,9 e}
{0 227,1 0.468041,2 17,3 28.529412,4 1.857732,5 21.885992,6 3171,7 2570,8 20.713523,9 e}
{0 221,1 0.440239,2 21,3 23.904762,4 1.776892,5 17.211307,6 3084,7 2471,8 32.246567,9 e}
{0 228,1 0.461538,2 17,3 29.058824,4 1.84413,5 20.773327,6 3179,7 2583,8 21.326934,9 e}
{0 258,1 0.530864,2 23,3 21.130435,4 1.800412,5 17.011845,6 3023,7 2427,8 33.072794,9 ff}
{0 263,1 0.544513,2 20,3 24.15,4 1.745342,5 17.196232,6 3044,7 2379,8 34.666849,9 ff}
{0 285,1 0.576923,2 21,3 23.52381,4 1.769231,5 17.830576,6 3091,7 2449,8 33.28141,9 ff}
{0 258,1 0.525458,2 20,3 24.55,4 1.672098,5 16.907576,6 2949,7 2326,8 40.45728,9 ff}
{0 240,1 0.478088,2 20,3 25.1,4 1.74502,5 18.247171,6 3025,7 2406,8 33.729815,9 ff}
{0 249,1 0.526427,2 19,3 24.894737,4 1.676533,5 16.976922,6 2893,7 2182,8 39.73217,9 ff}
{0 262,1 0.544699,2 22,3 21.863636,4 1.677755,5 16.811983,6 2980,7 2294,8 42.705363,9 ff}
{0 256,1 0.520325,2 15,3 32.8,4 1.676829,5 19.542764,6 2902,7 2250,8 31.683244,9 ff}
{0 286,1 0.592133,2 22,3 21.954545,4 1.708075,5 15.241446,6 3027,7 2328,8 40.048031,9 ff}
{0 267,1 0.531873,2 21,3 23.904762,4 1.788845,5 18.565889,6 3103,7 2438,8 31.235412,9 ff}
{0 259,1 0.552239,2 24,3 19.541667,4 1.767591,5 16.516027,6 2859,7 2246,8 37.462042,9 ff}
{0 270,1 0.572034,2 21,3 22.47619,4 1.663136,5 16.10912,6 2857,7 2183,8 43.320395,9 ff}
{0 261,1 0.552966,2 24,3 19.666667,4 1.771186,5 17.103955,6 3013,7 2256,8 37.03096,9 ff}
{0 275,1 0.555556,2 21,3 23.571429,4 1.654545,5 16.701299,6 2971,7 2287,8 42.935455,9 ff}
{0 283,1 0.557087,2 17,3 29.882353,4 1.624016,5 18.252154,6 2998,7 2370,8 39.112679,9 gg}
{0 293,1 0.567829,2 13,3 39.692308,4 1.655039,5 22.311032,6 3130,7 2450,8 26.531029,9 gg}
{0 253,1 0.498031,2 23,3 22.086957,4 1.511811,5 13.401712,6 2837,7 2172,8 56.517527,9 gg}
{0 242,1 0.49187,2 17,3 28.941176,4 1.739837,5 19.869154,6 2973,7 2384,8 30.269462,9 gg}
{0 198,1 0.404908,2 17,3 28.764706,4 1.785276,5 20.258439,6 2914,7 2371,8 26.604468,9 gg}
{0 201,1 0.411885,2 17,3 28.705882,4 1.807377,5 21.482353,6 2979,7 2423,8 24.794431,9 gg}
{0 195,1 0.409664,2 18,3 26.444444,4 1.77521,5 19.149206,6 2793,7 2263,8 29.811116,9 gg}
{0 211,1 0.426263,2 23,3 21.521739,4 1.876768,5 19.275362,6 3022,7 2479,8 26.215889,9 gg}
{0 233,1 0.460474,2 21,3 24.095238,4 1.561265,5 14.381178,6 2847,7 2260,8 50.295329,9 gg}
{0 267,1 0.531873,2 21,3 23.904762,4 1.412351,5 12.749156,6 2727,7 2138,8 63.086806,9 gg}
{0 262,1 0.543568,2 21,3 22.952381,4 1.537344,5 13.911243,6 2742,7 2166,8 53.478997,9 gg}
{0 207,1 0.413174,2 18,3 27.833333,4 1.62475,5 17.360878,6 2872,7 2298,8 41.130274,9 gg}
{0 241,1 0.483936,2 25,3 19.92,4 1.604418,5 13.59049,6 2877,7 2270,8 50.882465,9 gg}
{0 218,1 0.449485,2 23,3 21.086957,4 1.531959,5 12.805917,6 2693,7 2116,8 55.828028,9 gg}
{0 250,1 0.512295,2 20,3 24.4,4 1.739754,5 18.530492,6 2931,7 2337,8 34.885803,9 i}
{0 255,1 0.519348,2 23,3 21.347826,4 1.828921,5 18.396564,6 3044,7 2452,8 30.440276,9 i}
{0 243,1 0.484064,2 22,3 22.818182,4 1.74502,5 17.73285,6 3027,7 2385,8 36.04586,9 i}
{0 231,1 0.464789,2 25,3 19.88,4 1.798793,5 17.368499,6 2995,7 2396,8 34.478933,9 i}
{0 239,1 0.470472,2 24,3 21.166667,4 1.663386,5 15.553281,6 2930,7 2329,8 44.628392,9 i}
{0 230,1 0.468432,2 29,3 16.931034,4 1.588595,5 12.800927,6 2684,7 2117,8 55.254888,9 i}
{0 243,1 0.489919,2 27,3 18.37037,4 1.574597,5 12.993309,6 2755,7 2176,8 54.978187,9 i}
{0 220,1 0.443548,2 30,3 16.533333,4 1.596774,5 13.145591,6 2718,7 2139,8 54.96657,9 i}
{0 254,1 0.522634,2 20,3 24.3,4 1.915638,5 19.761152,6 3215,7 2571,8 20.107537,9 i}
{0 219,1 0.451546,2 20,3 24.25,4 1.936082,5 21.081443,6 3262,7 2653,8 18.428673,9 i}
{0 223,1 0.465553,2 19,3 25.210526,4 2.154489,5 22.359785,6 3567,7 2874,8 -1.023413,9 i}
{0 244,1 0.487026,2 21,3 23.857143,4 1.976048,5 21.119703,6 3280,7 2675,8 15.446347,9 i}
{0 228,1 0.463415,2 21,3 23.428571,4 1.762195,5 16.932404,6 2858,7 2285,8 33.973293,9 i}
{0 206,1 0.41785,2 25,3 19.72,4 1.821501,5 16.082726,6 2964,7 2367,8 32.720214,9 i}
{0 252,1 0.510121,2 28,3 17.642857,4 1.459514,5 11.024754,6 2640,7 2042,8 65.452601,9 ii}
{0 263,1 0.533469,2 31,3 15.903226,4 1.535497,5 11.472852,6 2735,7 2130,8 60.790183,9 ii}
{0 243,1 0.501031,2 27,3 17.962963,4 1.459794,5 11.391371,6 2585,7 1991,8 65.104036,9 ii}
{0 248,1 0.503043,2 26,3 18.961538,4 1.529412,5 13.264129,6 2689,7 2092,8 58.200803,9 ii}
{0 249,1 0.523109,2 27,3 17.62963,4 1.510504,5 12.009835,6 2636,7 2039,8 61.15227,9 ii}
{0 250,1 0.524109,2 29,3 16.448276,4 1.580713,5 11.946187,6 2700,7 2094,8 56.411698,9 ii}
{0 262,1 0.545833,2 25,3 19.2,4 1.710417,5 15.013333,6 2825,7 2254,8 42.64575,9 ii}
{0 252,1 0.507042,2 17,3 29.235294,4 1.750503,5 20.064339,6 2941,7 2394,8 29.068621,9 ii}
{0 238,1 0.496868,2 18,3 26.611111,4 1.899791,5 20.247785,6 3049,7 2497,8 19.102384,9 ii}
{0 247,1 0.489109,2 22,3 22.954545,4 1.841584,5 17.973897,6 3232,7 2644,8 27.738117,9 ii}
{0 235,1 0.478615,2 16,3 30.6875,4 1.832994,5 20.910438,6 3038,7 2452,8 20.615904,9 ii}
{0 275,1 0.528846,2 21,3 24.761905,4 1.776923,5 17.981685,6 3110,7 2507,8 31.373974,9 ii}
{0 263,1 0.518738,2 24,3 21.125,4 1.621302,5 14.524951,6 2839,7 2230,8 48.230995,9 ii}
{0 246,1 0.504098,2 22,3 22.181818,4 1.64959,5 15.594039,6 2787,7 2213,8 44.765127,9 ii}
{0 231,1 0.462926,2 29,3 17.206897,4 1.657315,5 14.177348,6 2849,7 2227,8 49.161182,9 mm}
{0 231,1 0.462,2 22,3 22.727273,4 1.758,5 17.570909,6 2961,7 2373,8 35.040018,9 mm}
{0 262,1 0.519841,2 25,3 20.16,4 1.704365,5 15.762413,6 2945,7 2358,8 42.183314,9 mm}
{0 248,1 0.497992,2 27,3 18.444444,4 1.728916,5 15.490228,6 2899,7 2295,8 41.847624,9 mm}
{0 238,1 0.474104,2 16,3 31.375,4 1.418327,5 15.816932,6 2651,7 2036,8 54.998937,9 mm}
{0 248,1 0.491089,2 22,3 22.954545,4 1.647525,5 15.835284,6 2860,7 2238,8 44.155542,9 mm}
{0 249,1 0.507128,2 23,3 21.347826,4 1.663951,5 15.952572,6 2823,7 2261,8 44.396692,9 mm}
{0 276,1 0.563265,2 22,3 22.272727,4 1.761224,5 16.745826,6 3026,7 2432,8 35.22859,9 mm}
{0 266,1 0.519531,2 21,3 24.380952,4 1.613281,5 15.689881,6 2935,7 2360,8 45.60474,9 mm}
{0 214,1 0.441237,2 20,3 24.25,4 1.923711,5 19.349485,6 3053,7 2504,8 19.475271,9 mm}
{0 245,1 0.489022,2 25,3 20.04,4 1.884232,5 16.958116,6 3141,7 2569,8 27.088412,9 mm}
{0 240,1 0.48583,2 23,3 21.478261,4 1.888664,5 18.469847,6 3070,7 2500,8 25.253594,9 mm}
{0 239,1 0.488753,2 19,3 25.736842,4 1.850716,5 19.292692,6 3090,7 2499,8 24.141553,9 mm}
{0 238,1 0.484725,2 18,3 27.277778,4 1.800407,5 20.116814,6 3012,7 2436,8 26.833595,9 mm}
{0 239,1 0.476096,2 24,3 20.916667,4 1.796813,5 17.290969,6 3128,7 2521,8 33.594225,9 pp}
{0 271,1 0.555328,2 25,3 19.52,4 1.901639,5 17.726033,6 3155,7 2591,8 26.143511,9 pp}
{0 280,1 0.572597,2 26,3 18.807692,4 1.91002,5 17.993425,6 3287,7 2681,8 26.157462,9 pp}
{0 254,1 0.511066,2 27,3 18.407407,4 1.869215,5 16.296565,6 3222,7 2652,8 30.015868,9 pp}
{0 279,1 0.560241,2 28,3 17.785714,4 1.742972,5 14.343201,6 3120,7 2524,8 41.327078,9 pp}
{0 262,1 0.521912,2 35,3 14.342857,4 1.721116,5 12.749095,6 3120,7 2528,8 46.670625,9 pp}
{0 251,1 0.524008,2 31,3 15.451613,4 1.964509,5 16.452044,6 3289,7 2722,8 24.954118,9 pp}
{0 239,1 0.480885,2 26,3 19.115385,4 1.877264,5 16.740721,6 3259,7 2692,8 28.616386,9 pp}
{0 266,1 0.520548,2 28,3 18.25,4 1.908023,5 15.910568,6 3370,7 2795,8 26.892463,9 pp}
{0 250,1 0.509165,2 27,3 18.185185,4 1.816701,5 16.316844,6 3152,7 2565,8 34.684165,9 pp}
{0 238,1 0.485714,2 32,3 15.3125,4 1.636735,5 12.084184,6 2922,7 2327,8 52.825057,9 pp}
{0 227,1 0.462322,2 26,3 18.884615,4 1.749491,5 15.293154,6 2961,7 2412,8 39.660191,9 pp}
{0 231,1 0.464789,2 32,3 15.53125,4 1.750503,5 14.180307,6 3027,7 2428,8 42.978226,9 pp}
{0 203,1 0.410101,2 24,3 20.625,4 1.755556,5 15.926768,6 2990,7 2436,8 37.380625,9 pp}
{0 245,1 0.50308,2 33,3 14.757576,4 1.7577,5 13.459498,6 3044,7 2460,8 43.154623,9 pp}
{0 245,1 0.495951,2 19,3 26,4 1.789474,5 19.549798,6 3002,7 2420,8 29.055526,9 pp}
{0 219,1 0.440644,2 20,3 24.85,4 1.702213,5 17.424909,6 2939,7 2379,8 37.605007,9 pp}
{0 259,1 0.539583,2 22,3 21.818182,4 1.827083,5 17.143939,6 3001,7 2452,8 30.118295,9 pp}
{0 261,1 0.54375,2 19,3 25.263158,4 1.8125,5 19.77193,6 3018,7 2430,8 27.855395,9 pp}
{0 277,1 0.574689,2 17,3 28.352941,4 1.983402,5 23.291384,6 3193,7 2624,8 10.260914,9 pp}
{0 245,1 0.505155,2 22,3 22.045455,4 1.76701,5 17.065604,6 2988,7 2414,8 34.969791,9 pp}
{0 256,1 0.515091,2 24,3 20.708333,4 1.732394,5 16.009691,6 3004,7 2410,8 39.255478,9 pp}
{0 244,1 0.503093,2 29,3 16.724138,4 1.837113,5 15.514397,6 3044,7 2449,8 34.440206,9 q}
{0 248,1 0.49501,2 27,3 18.555556,4 1.822355,5 16.284498,6 3189,7 2571,8 33.829854,9 q}
{0 233,1 0.469758,2 30,3 16.533333,4 1.840726,5 16.129462,6 3176,7 2591,8 34.328263,9 q}
{0 244,1 0.490946,2 30,3 16.566667,4 1.782696,5 15.479785,6 3051,7 2461,8 39.203737,9 q}
{0 244,1 0.506224,2 28,3 17.214286,4 1.724066,5 13.690694,6 2954,7 2370,8 43.506483,9 q}
{0 237,1 0.485656,2 33,3 14.787879,4 1.805328,5 14.849578,6 3120,7 2536,8 39.094565,9 q}
{0 240,1 0.491803,2 33,3 14.787879,4 1.856557,5 15.013512,6 3159,7 2583,8 34.760549,9 q}
{0 254,1 0.519427,2 29,3 16.862069,4 1.856851,5 16.642578,6 3123,7 2554,8 32.630429,9 q}
{0 221,1 0.445565,2 29,3 17.103448,4 1.854839,5 15.631702,6 3150,7 2567,8 32.555645,9 q}
{0 255,1 0.529046,2 23,3 20.956522,4 1.711618,5 16.432401,6 2914,7 2331,8 40.761226,9 q}
{0 234,1 0.473684,2 29,3 17.034483,4 1.51417,5 10.700433,6 2816,7 2194,8 61.446215,9 q}
{0 266,1 0.545082,2 26,3 18.769231,4 1.604508,5 13.491299,6 2812,7 2172,8 52.042837,9 q}
{0 258,1 0.509881,2 32,3 15.8125,4 1.679842,5 13.044368,6 3010,7 2408,8 48.670688,9 q}
{0 256,1 0.545842,2 23,3 20.391304,4 1.695096,5 15.064837,6 2858,7 2234,8 42.732709,9 q}
{0 235,1 0.480573,2 29,3 16.862069,4 1.662577,5 13.861392,6 2863,7 2269,8 49.066012,9 q}
{0 241,1 0.489837,2 26,3 18.923077,4 1.502033,5 11.552971,6 2768,7 2108,8 60.556126,9 tt}
{0 255,1 0.518293,2 27,3 18.222222,4 1.512195,5 11.841734,6 2727,7 2122,8 60.407737,9 tt}
{0 250,1 0.506073,2 25,3 19.76,4 1.700405,5 14.786591,6 3002,7 2403,8 42.924349,9 tt}
{0 229,1 0.467347,2 28,3 17.5,4 1.716327,5 14.346939,6 2949,7 2375,8 43.871276,9 tt}
{0 245,1 0.489022,2 24,3 20.875,4 1.560878,5 14.258184,6 2756,7 2192,8 53.596576,9 tt}
{0 254,1 0.511066,2 27,3 18.407407,4 1.565392,5 12.513868,6 2783,7 2215,8 55.719288,9 tt}
{0 228,1 0.468172,2 26,3 18.730769,4 1.566735,5 12.091897,6 2749,7 2204,8 55.277479,9 tt}
{0 210,1 0.432099,2 30,3 16.2,4 1.522634,5 10.101399,6 2708,7 2142,8 61.577185,9 tt}
{0 229,1 0.458,2 26,3 19.230769,4 1.65,5 14.252308,6 2816,7 2271,8 47.725769,9 tt}
{0 236,1 0.482618,2 30,3 16.3,4 1.709611,5 12.245971,6 2874,7 2304,8 45.657371,9 tt}
{0 208,1 0.419355,2 32,3 15.5,4 1.606855,5 10.877419,6 2819,7 2253,8 55.162581,9 tt}
{0 224,1 0.459016,2 32,3 15.25,4 1.631148,5 11.67377,6 2821,7 2257,8 53.361168,9 tt}
{0 219,1 0.439759,2 28,3 17.785714,4 1.594378,5 12.736776,6 2782,7 2226,8 53.898163,9 tt}
{0 245,1 0.49,2 25,3 20,4 1.752,5 15.44,6 2969,7 2380,8 38.3158,9 tt}
{0 228,1 0.464358,2 26,3 18.884615,4 1.596741,5 12.523296,6 2811,7 2193,8 52.582798,9 tt}
{0 231,1 0.474333,2 26,3 18.730769,4 1.62423,5 13.241794,6 4637,7 2148,8 50.413413,9 tt}
{0 260,1 0.555556,2 16,3 29.25,4 1.688034,5 19.563248,6 2806,7 2189,8 34.338558,9 vv}
{0 261,1 0.54375,2 13,3 36.923077,4 1.597917,5 21.102564,6 2784,7 2097,8 34.174327,9 vv}
{0 238,1 0.488706,2 18,3 27.055556,4 1.661191,5 17.721606,6 2917,7 2311,8 38.836855,9 vv}
{0 245,1 0.511482,2 17,3 28.176471,4 1.611691,5 16.698563,6 2875,7 2216,8 41.886822,9 vv}
{0 266,1 0.554167,2 16,3 30,4 1.741667,5 20.583333,6 2950,7 2308,8 29.04,9 vv}
{0 265,1 0.540816,2 16,3 30.625,4 1.673469,5 19.270408,6 2884,7 2281,8 34.175115,9 vv}
{0 264,1 0.545455,2 18,3 26.888889,4 1.72314,5 18.358861,6 2875,7 2295,8 33.765092,9 vv}
{0 275,1 0.545635,2 16,3 31.5,4 1.664683,5 19.901587,6 2999,7 2351,8 34.030357,9 vv}
{0 257,1 0.527721,2 14,3 34.785714,4 1.657084,5 20.731534,6 2869,7 2284,8 31.338178,9 vv}
{0 266,1 0.541752,2 18,3 27.277778,4 1.610998,5 16.532292,6 2830,7 2216,8 42.857628,9 vv}
{0 247,1 0.525532,2 17,3 27.647059,4 1.693617,5 18.888611,6 2783,7 2222,8 35.493235,9 vv}
{0 271,1 0.536634,2 15,3 33.666667,4 1.609901,5 19.407261,6 2979,7 2336,8 36.46571,9 vv}
{0 250,1 0.493097,2 19,3 26.684211,4 1.635108,5 16.82753,6 2993,7 2381,8 41.420349,9 vv}
{0 246,1 0.504098,2 23,3 21.217391,4 1.579918,5 13.732858,6 2815,7 2199,8 51.638282,9 vv}
{0 245,1 0.521277,2 20,3 23.5,4 1.768085,5 17.570213,6 2938,7 2349,8 33.4025,9 z}
{0 264,1 0.538776,2 22,3 22.272727,4 1.779592,5 18.215213,6 2987,7 2402,8 33.674712,9 z}
{0 255,1 0.524691,2 27,3 18,4 1.639918,5 12.879012,6 2835,7 2231,8 49.827963,9 z}
{0 269,1 0.534791,2 31,3 16.225806,4 1.683897,5 13.567857,6 3021,7 2380,8 47.908152,9 z}
{0 267,1 0.553942,2 24,3 20.083333,4 1.744813,5 15.502213,6 3011,7 2396,8 38.839213,9 z}
{0 260,1 0.548523,2 25,3 18.96,4 1.770042,5 15.263325,6 2984,7 2363,8 37.84503,9 z}
{0 291,1 0.584337,2 21,3 23.714286,4 1.993976,5 21.533907,6 3340,7 2699,8 14.074639,9 z}
{0 283,1 0.578732,2 17,3 28.764706,4 1.93456,5 22.385228,6 3194,7 2592,8 13.97502,9 z}
{0 301,1 0.614286,2 24,3 20.416667,4 1.873469,5 17.227891,6 3171,7 2521,8 27.616573,9 z}
{0 273,1 0.580851,2 21,3 22.380952,4 1.957447,5 18.824721,6 3133,7 2473,8 18.518333,9 z}
{0 269,1 0.569915,2 19,3 24.842105,4 1.836864,5 18.750401,6 3001,7 2421,8 26.221534,9 z}

Calculating InfoGain on the training set's features
===================================================
Features InfoGain score (non-zero only):
----------------------------------------
> Gunning-Fog-Readability-Index{-}   0.365598
> Average-Sentence-Length{-}         0.361810
> Complexity{-}                      0.351519
> Flesch-Reading-Ease-Score{-}       0.343152
> Character-Space{-}                 0.326704
> Sentence-Count{-}                  0.310536
> Letter-Space{-}                    0.301972
> Unique-Words-Count{-}              0.296694

Feature-type breakdown:
-----------------------
> Letter-Space                    0.301972 (11.36%)
> Sentence-Count                  0.310536 (11.68%)
> Unique-Words-Count              0.296694 (11.16%)
> Average-Syllables-in-Word       0.000000 (0.00%)
> Complexity                      0.351519 (13.23%)
> Gunning-Fog-Readability-Index   0.365598 (13.75%)
> Average-Sentence-Length         0.361810 (13.61%)
> Flesch-Reading-Ease-Score       0.343152 (12.91%)
> Character-Space                 0.326704 (12.29%)

done!

2013-03-22, 16:22:11 Starting 10-folds cross-validation on training corpus phase...

================================================================================

Running analysis with classifier 1 out of 1:
> Classifier: weka.classifiers.functions.SMO
> Options:    -C 1.0 -L 0.0010 -P 1.0E-12 -N 0 -V -1 -W 1 -K weka.classifiers.functions.supportVector.PolyKernel -C 250007 -E 1.0 

2013-03-22, 16:22:11 Starting cross validation...
2013-03-22, 16:22:28 done!

=== Summary ===

Correctly Classified Instances          65               28.0172 %
Incorrectly Classified Instances       167               71.9828 %
Kappa statistic                          0.2189
Mean absolute error                      0.1194
Root mean squared error                  0.2426
Relative absolute error                 96.1637 %
Root relative squared error             97.3393 %
Total Number of Instances              232     

=== Detailed Accuracy By Class ===

               TP Rate   FP Rate   Precision   Recall  F-Measure   ROC Area  Class
                 0         0.041      0         0         0          0.649    aa
                 0.235     0.088      0.174     0.235     0.2        0.72     b
                 0.789     0.164      0.3       0.789     0.435      0.883    bb
                 0.667     0.126      0.308     0.667     0.421      0.779    c
                 0.188     0.046      0.231     0.188     0.207      0.862    e
                 0.071     0.014      0.25      0.071     0.111      0.853    ff
                 0         0.041      0         0         0          0.762    gg
                 0         0          0         0         0          0.694    i
                 0         0          0         0         0          0.627    ii
                 0         0          0         0         0          0.391    mm
                 0.682     0.19       0.273     0.682     0.39       0.806    pp
                 0         0.009      0         0         0          0.84     q
                 0.375     0.037      0.429     0.375     0.4        0.868    tt
                 0.643     0.023      0.643     0.643     0.643      0.933    vv
                 0         0          0         0         0          0.803    z
Weighted Avg.    0.28      0.061      0.186     0.28      0.207      0.77 

=== Confusion Matrix ===

  a  b  c  d  e  f  g  h  i  j  k  l  m  n  o   <-- classified as
  0  4  4  1  0  0  1  0  0  0  3  0  0  1  0 |  a = aa
  2  4  1  2  0  0  0  0  0  0  6  0  1  1  0 |  b = b
  1  0 15  0  0  0  1  0  0  0  1  0  1  0  0 |  c = bb
  0  0  1 12  1  1  0  0  0  0  2  0  1  0  0 |  d = c
  0  0  0  7  3  0  4  0  0  0  2  0  0  0  0 |  e = e
  3  6  0  1  0  1  0  0  0  0  2  0  0  1  0 |  f = ff
  0  0  6  1  5  1  0  0  0  0  0  0  0  1  0 |  g = gg
  0  0  2  6  1  1  0  0  0  0  2  0  2  0  0 |  h = i
  0  0  9  1  1  0  0  0  0  0  2  0  0  1  0 |  i = ii
  1  2  2  3  2  0  1  0  0  0  2  0  1  0  0 |  j = mm
  0  1  0  4  0  0  0  0  0  0 15  1  1  0  0 |  k = pp
  1  1  2  1  0  0  0  0  0  0  9  0  1  0  0 |  l = q
  0  1  6  0  0  0  0  0  0  0  3  0  6  0  0 |  m = tt
  1  1  1  0  0  0  2  0  0  0  0  0  0  9  0 |  n = vv
  0  3  1  0  0  0  0  0  0  0  6  1  0  0  0 |  o = z

