============================ JStylo Analysis Output ============================
Started analysis on 2013-03-22, 17:43:10
Running 10-folds cross validation on training corpus

Training corpus:
> l (14 documents)
> nn (13 documents)
> qq (23 documents)
> u (15 documents)
> w (14 documents)

Feature set: 9 feature-set:
> Unique Words Count
> Complexity
> Sentence Count
> Average Sentence Length
> Average Syllables in Word
> Gunning-Fog Readability Index
> Character Space
> Letter Space
> Flesch Reading Ease Score

Classifiers used:
> weka.classifiers.functions.SMO                    	-C 1.0 -L 0.0010 -P 1.0E-12 -N 0 -V -1 -W 1 -K weka.classifiers.functions.supportVector.PolyKernel -C 250007 -E 1.0 

================================================================================

2013-03-22, 17:43:10 Extracting features from training corpus (using sparse representation)...
2013-03-22, 17:43:12 done!

Training corpus features (ARFF):
================================
@relation JStylo

@attribute 'Unique-Words-Count{-}' numeric
@attribute 'Complexity{-}' numeric
@attribute 'Sentence-Count{-}' numeric
@attribute 'Average-Sentence-Length{-}' numeric
@attribute 'Average-Syllables-in-Word{-}' numeric
@attribute 'Gunning-Fog-Readability-Index{-}' numeric
@attribute 'Character-Space{-}' numeric
@attribute 'Letter-Space{-}' numeric
@attribute 'Flesch-Reading-Ease-Score{-}' numeric
@attribute authorName {l,nn,qq,u,w}

@data
{0 285,1 0.584016,2 15,3 32.533333,4 1.784836,5 21.128087,6 3070,7 2431,8 22.816536}
{0 284,1 0.618736,2 18,3 25.5,4 1.949891,5 21.703268,6 3043,7 2458,8 15.991716}
{0 302,1 0.62268,2 15,3 32.333333,4 1.874227,5 22.665292,6 3168,7 2528,8 15.457079}
{0 289,1 0.612288,2 18,3 26.222222,4 1.904661,5 21.336347,6 3131,7 2524,8 19.085122}
{0 279,1 0.580042,2 19,3 25.315789,4 1.66736,5 16.695962,6 2814,7 2244,8 40.080846}
{0 299,1 0.613963,2 23,3 21.173913,4 1.833676,5 17.997286,6 3141,7 2568,8 30.214525}
{0 271,1 0.56341,2 31,3 15.516129,4 1.694387,5 13.940339,6 2911,7 2276,8 47.741015}
{0 259,1 0.525355,2 26,3 18.961538,4 1.610548,5 13.101857,6 2918,7 2270,8 51.336706}
{0 291,1 0.612632,2 20,3 23.75,4 1.698947,5 16.405263,6 2924,7 2307,8 38.997803}
{0 282,1 0.579055,2 18,3 27.055556,4 1.691992,5 18.37869,6 2933,7 2320,8 36.231106}
{0 290,1 0.606695,2 17,3 28.117647,4 1.73431,5 19.61526,6 2871,7 2288,8 31.572994}
{0 282,1 0.574338,2 18,3 27.277778,4 1.647658,5 17.591356,6 2883,7 2249,8 39.756202}
{0 285,1 0.603814,2 19,3 24.842105,4 1.794492,5 18.157181,6 3041,7 2351,8 29.80628}
{0 272,1 0.570231,2 13,3 36.692308,4 1.716981,5 21.888663,6 2907,7 2294,8 24.335704}
{0 298,1 0.593625,2 30,3 16.733333,4 1.517928,5 10.916441,6 3128,7 2199,8 61.433934,9 nn}
{0 277,1 0.552894,2 24,3 20.875,4 1.638723,5 14.976747,6 3218,7 2351,8 47.010947,9 nn}
{0 293,1 0.597959,2 26,3 18.846154,4 1.589796,5 13.33438,6 3109,7 2207,8 53.209419,9 nn}
{0 291,1 0.589069,2 28,3 17.642857,4 1.692308,5 14.911394,6 3239,7 2357,8 45.758269,9 nn}
{0 260,1 0.545073,2 25,3 19.08,4 1.775681,5 16.269317,6 3110,7 2296,8 37.246158,9 nn}
{0 261,1 0.56129,2 29,3 16.034483,4 1.612903,5 12.435298,6 3001,7 2110,8 54.108387,9 nn}
{0 278,1 0.561616,2 27,3 18.333333,4 1.626263,5 13.79798,6 3121,7 2297,8 50.644848,9 nn}
{0 280,1 0.567951,2 25,3 19.72,4 1.701826,5 16.082726,6 3362,7 2376,8 42.844758,9 nn}
{0 273,1 0.565217,2 28,3 17.25,4 1.602484,5 13.442443,6 2951,7 2139,8 53.756064,9 nn}
{0 264,1 0.546584,2 21,3 23,4 1.741201,5 18.061284,6 3120,7 2307,8 36.18441,9 nn}
{0 291,1 0.570588,2 20,3 25.5,4 1.662745,5 16.866667,6 3230,7 2323,8 40.284265,9 nn}
{0 290,1 0.591837,2 21,3 23.333333,4 1.7,5 16.108844,6 3242,7 2247,8 39.331667,9 nn}
{0 243,1 0.490909,2 21,3 23.571429,4 1.608081,5 15.004329,6 2887,7 2135,8 46.866364,9 nn}
{0 241,1 0.482966,2 23,3 21.695652,4 2.032064,5 21.423752,6 3307,7 2723,8 12.901288,9 qq}
{0 230,1 0.465587,2 20,3 24.7,4 2.044534,5 23.726154,6 3355,7 2771,8 8.796889,9 qq}
{0 274,1 0.548,2 23,3 21.73913,4 1.946,5 20.375652,6 3267,7 2663,8 20.138183,9 qq}
{0 249,1 0.511294,2 25,3 19.48,4 1.909651,5 18.141076,6 3187,7 2588,8 25.506332,9 qq}
{0 258,1 0.527607,2 23,3 21.26087,4 1.869121,5 18.0749,6 3047,7 2427,8 27.12761,9 qq}
{0 245,1 0.521277,2 18,3 26.111111,4 1.893617,5 21.167849,6 3012,7 2445,8 20.132222,9 qq}
{0 276,1 0.559838,2 18,3 27.388889,4 1.874239,5 20.36732,6 3136,7 2511,8 20.474629,9 qq}
{0 270,1 0.546559,2 19,3 26,4 1.955466,5 22.464777,6 3262,7 2656,8 15.012611,9 qq}
{0 265,1 0.540816,2 18,3 27.222222,4 1.828571,5 21.256236,6 3089,7 2464,8 24.507302,9 qq}
{0 256,1 0.520325,2 19,3 25.894737,4 1.900407,5 21.008301,6 3188,7 2597,8 19.777452,9 qq}
{0 250,1 0.497018,2 19,3 26.473684,4 1.755467,5 19.496034,6 3081,7 2488,8 31.451686,9 qq}
{0 281,1 0.578189,2 21,3 23.142857,4 1.860082,5 19.627513,6 3097,7 2502,8 25.982037,9 qq}
{0 271,1 0.530333,2 18,3 28.388889,4 1.949119,5 21.609959,6 3280,7 2659,8 13.124779,9 qq}
{0 258,1 0.51497,2 16,3 31.3125,4 1.974052,5 23.622804,6 3288,7 2699,8 8.048022,9 qq}
{0 260,1 0.527383,2 17,3 29,4 2.141988,5 24.419473,6 3481,7 2878,8 -3.81217,9 qq}
{0 260,1 0.531697,2 18,3 27.166667,4 1.97546,5 22.482209,6 3262,7 2672,8 12.136907,9 qq}
{0 262,1 0.522954,2 16,3 31.3125,4 1.898204,5 23.542964,6 3198,7 2613,8 14.464789,9 qq}
{0 269,1 0.530572,2 20,3 25.35,4 1.944773,5 21.027574,6 3337,7 2717,8 16.576939,9 qq}
{0 258,1 0.525458,2 17,3 28.882353,4 1.89002,5 21.736241,6 3118,7 2519,8 17.623689,9 qq}
{0 249,1 0.50303,2 21,3 23.571429,4 1.919192,5 20.01443,6 3180,7 2595,8 20.546364,9 qq}
{0 267,1 0.555094,2 19,3 25.315789,4 1.756757,5 18.525484,6 2948,7 2343,8 32.517852,9 qq}
{0 285,1 0.571142,2 19,3 26.263158,4 1.769539,5 19.162578,6 3099,7 2468,8 30.474889,9 qq}
{0 267,1 0.529762,2 17,3 29.647059,4 1.80754,5 20.906443,6 3133,7 2549,8 23.825378,9 qq}
{0 265,1 0.533199,2 22,3 22.590909,4 1.899396,5 19.257692,6 3169,7 2564,8 23.216294,9 u}
{0 277,1 0.563008,2 22,3 22.363636,4 1.786585,5 17.075536,6 3050,7 2442,8 32.990787,9 u}
{0 279,1 0.589852,2 16,3 29.5625,4 1.826638,5 20.958192,6 3004,7 2391,8 22.295447,9 u}
{0 280,1 0.565657,2 17,3 29.117647,4 1.824242,5 20.697564,6 3134,7 2524,8 22.949679,9 u}
{0 294,1 0.6,2 25,3 19.6,4 1.963265,5 19.105306,6 3260,7 2657,8 20.848755,9 u}
{0 283,1 0.569416,2 20,3 24.85,4 1.742455,5 17.666358,6 2991,7 2407,8 34.20058,9 u}
{0 277,1 0.564155,2 20,3 24.55,4 1.723014,5 17.396375,6 2909,7 2333,8 36.149744,9 u}
{0 261,1 0.52834,2 23,3 21.478261,4 1.704453,5 16.364584,6 3000,7 2409,8 40.837804,9 u}
{0 277,1 0.551793,2 22,3 22.818182,4 1.826693,5 18.529663,6 3073,7 2479,8 29.136298,9 u}
{0 257,1 0.530992,2 20,3 24.2,4 1.737603,5 17.283306,6 2927,7 2339,8 35.27076,9 u}
{0 289,1 0.598344,2 19,3 25.421053,4 1.803313,5 19.360968,6 3130,7 2360,8 28.472383,9 u}
{0 283,1 0.569416,2 18,3 27.611111,4 1.704225,5 18.770803,6 3338,7 2421,8 34.632257,9 u}
{0 299,1 0.588583,2 17,3 29.882353,4 1.769685,5 20.141918,6 3442,7 2505,8 26.789057,9 u}
{0 299,1 0.596806,2 23,3 21.782609,4 1.812375,5 17.735,6 3269,7 2503,8 31.398706,9 u}
{0 259,1 0.536232,2 21,3 23,4 1.846791,5 18.72381,6 3021,7 2461,8 27.251491,9 u}
{0 260,1 0.527383,2 17,3 29,4 1.969574,5 22.87789,6 3402,7 2718,8 10.774037,9 w}
{0 275,1 0.563525,2 12,3 40.666667,4 1.977459,5 27.33224,6 3371,7 2738,8 -1.734699,9 w}
{0 260,1 0.516899,2 28,3 17.964286,4 1.66004,5 14.183726,6 2986,7 2375,8 48.161886,9 w}
{0 248,1 0.50924,2 28,3 17.392857,4 1.718686,5 15.170695,6 2982,7 2402,8 43.780429,9 w}
{0 241,1 0.503132,2 20,3 23.95,4 1.822547,5 19.016326,6 3043,7 2457,8 28.338276,9 w}
{0 218,1 0.453222,2 19,3 25.315789,4 1.852391,5 18.941285,6 3116,7 2544,8 24.427208,9 w}
{0 220,1 0.449898,2 26,3 18.807692,4 1.871166,5 17.175429,6 3192,7 2598,8 29.444579,9 w}

Calculating InfoGain on the training set's features
===================================================
Features InfoGain score (non-zero only):
----------------------------------------
> Flesch-Reading-Ease-Score{-}       0.538873
> Letter-Space{-}                    0.481253
> Gunning-Fog-Readability-Index{-}   0.474439
> Average-Syllables-in-Word{-}       0.450349
> Complexity{-}                      0.381484
> Unique-Words-Count{-}              0.361308
> Average-Sentence-Length{-}         0.259405
> Character-Space{-}                 0.236512

Feature-type breakdown:
-----------------------
> Sentence-Count                  0.000000 (0.00%)
> Letter-Space                    0.481253 (15.12%)
> Unique-Words-Count              0.361308 (11.35%)
> Complexity                      0.381484 (11.98%)
> Average-Syllables-in-Word       0.450349 (14.15%)
> Gunning-Fog-Readability-Index   0.474439 (14.90%)
> Average-Sentence-Length         0.259405 (8.15%)
> Flesch-Reading-Ease-Score       0.538873 (16.93%)
> Character-Space                 0.236512 (7.43%)

done!

2013-03-22, 17:43:12 Starting 10-folds cross-validation on training corpus phase...

================================================================================

Running analysis with classifier 1 out of 1:
> Classifier: weka.classifiers.functions.SMO
> Options:    -C 1.0 -L 0.0010 -P 1.0E-12 -N 0 -V -1 -W 1 -K weka.classifiers.functions.supportVector.PolyKernel -C 250007 -E 1.0 

2013-03-22, 17:43:12 Starting cross validation...
2013-03-22, 17:43:13 done!

=== Summary ===

Correctly Classified Instances          45               62.5    %
Incorrectly Classified Instances        27               37.5    %
Kappa statistic                          0.504 
Mean absolute error                      0.2639
Root mean squared error                  0.3517
Relative absolute error                 84.9791 %
Root relative squared error             89.3541 %
Total Number of Instances               72     

=== Detailed Accuracy By Class ===

               TP Rate   FP Rate   Precision   Recall  F-Measure   ROC Area  Class
                 0.571     0.086      0.615     0.571     0.593      0.881    l
                 0.692     0.068      0.692     0.692     0.692      0.945    nn
                 0.87      0.163      0.714     0.87      0.784      0.881    qq
                 0.533     0.175      0.444     0.533     0.485      0.732    u
                 0         0          0         0         0          0.69     w
Weighted Avg.    0.625     0.118      0.565     0.625     0.592      0.843

=== Confusion Matrix ===

  a  b  c  d  e   <-- classified as
  8  2  0  4  0 |  a = l
  0  9  0  4  0 |  b = nn
  1  0 20  2  0 |  c = qq
  4  0  3  8  0 |  d = u
  0  2  5  0  0 |  e = w

